MTABC_B1000077|B100|MIDWOOD KINGS HWY STA|308452|350129|350217|350158|303920|983012
MTABC_B1000078|B100|MIDWOOD KINGS HWY STA|350158|303920|983012
MTABC_B1000098|B100|MIDWOOD KINGS HWY STA|350184|350019|350017|350018|350090|350089|350092|350095|350097|300242|307361|350062|350059|350124|350122|350120|350118|350127|350111|350133|350116|350125|350113|350131|350109|350129|350217|350158|303920|983012
MTABC_B1000106|B100|MILL BASIN E. 66 ST|300788|350159|350164|350226|350274|350130|350112|350114|350115|350132|350110|350126|350117|350119|350121|350123|350060|350061|300226|300227|350096|350094|350091|350088|350093|350086|350183|982178
MTABC_B1000107|B100|MILL BASIN E. 66 ST|308452|350274|350130|350112|350114|350115|350132|350110|350126|350117|350119|350121|350123|350060|350061|300226|300227|350096|350094|350091|350088|350093|350086|350183|982178
MTABC_B1000108|B100|MILL BASIN E. 66 ST|350159|350164|350226|350274|350130|350112|350114|350115|350132|350110|350126|350117|350119|350121|350123|350060|350061|300226|300227|350096|350094|350091|350088|350093|350086|350183|982178
MTABC_B1000111|B100|BEDFORD AV|300788|983019
MTABC_B1030156|B103|LIMITED CANARSIE - WILLIAMS AVE via AVENUE H via AVENUE M|303011|350208|303290|306901|303294|308753|308734|308735|308736|306562|302693|302695|305743|302219|306239|303314|307840|350026|350024|300549|300551|306420|350148|350101|350104|301814|350049|350228|350055|350054|350264|350046|350048|350082|350080|350078|304072|350243
MTABC_B1030157|B103|LIMITED BKLYN COLLEGE - FLATBUSH AV STA via AVENUE M via AVENUE H|304090|350245|350246|350081|350083|350084|350047|350058|350053|350056|350052|350050|350100|350099|350102|350149|300619|300621|300624|300627|350025|307839
MTABC_B1030158|B103|LIMITED CANARSIE - WILLIAMS AVE via AVENUE H via AVENUE M|307840|350026|350024|300549|300551|306420|350148|350101|350104|301814|350049|350228|350055|350054|350264|350046|350048|350082|350080|350078|304072|350243
MTABC_B1030163|B103|LIMITED DOWNTOWN BKLYN - TILLARY ST via AVENUE M via AVENUE H|304090|350245|350246|350081|350083|350084|350047|350058|350053|350056|350052|350050|350100|350099|350102|350149|300619|300621|300624|300627|350025|307839|303235|302228|350076|305722|302766|308437|302915|308259|302923|303256|306892|303258|303259|302434|306533
MTABC_BM10143|BM1|MILL BASIN - E. 66 ST via AVENUE K|981005|403617|450062|450059|450057|450157|981012|402132|402134|402135|302219|306239|350154|303996|303998|303999|350043|350028|350030|350040|350032|350034|350044|350036|350038|306201|303333|303334|300240|300241|350240|350096|350094|350091|350088|350093|350086|350183|350184|983014
MTABC_BM10170|BM1|MILL BASIN - E. 66 ST via AVENUE K|450387|402082|403293|405220|450391|450202|302219|306239|350154|303996|303998|303999|350043|350028|350030|350040|350032|350034|350044|350036|350038|306201|303333|303334|300240|300241|350240|350096|350094|350091|350088|350093|350086|350183|350184|983014
MTABC_BM10171|BM1|MILL BASIN - E. 66 ST via AVENUE K|981005|403617|450062|450059|450057|450157|981012|402132|402134|402135|403293|405220|450391|450202|302219|306239|350154|303996|303998|303999|350043|350028|350030|350040|350032|350034|350044|350036|350038|306201|303333|303334|300240|300241|350240|350096|350094|350091|350088|350093|350086|350183|350184|983014
MTABC_BM10182|BM1|SUPER EXPRESS MIDTOWN 57 ST via MADISON AV|350019|350017|350018|350090|350089|350092|350095|350097|350087|300228|350241|303270|306153|306155|350039|350194|350045|350035|350033|350041|350031|350029|303926|303927|303928|303930|350224|302228|350076|402143|402145|404833|405380|400354|403457|404299|450106|402215
MTABC_BM10183|BM1|DOWNTOWN LOOP via CHURCH ST via WATER ST|350019|350017|350018|350090|350089|350092|350095|350097|350087|300228|350241|303270|306153|306155|350039|350194|350045|350035|350033|350041|350031|350029|303926|303927|303928|303930|350224|302228|350076|450419|400070|400071|450420|402082|981004|403293|405220|450391|450202
MTABC_BM10184|BM1|MIDTOWN - 57 ST via CHURCH ST - via MADISON AV|350019|350017|350018|350090|350089|350092|350095|350097|350087|300228|350241|303270|306153|306155|350039|350194|350045|350035|350033|350041|350031|350029|303926|303927|303928|303930|350224|302228|350076|450419|400070|400071|450420|402082|981004|402143|402145|404833|405380|400354|403457|404299|450106|402215
MTABC_BM20216|BM2|CANARSIE WILLIAMS AV via AVENUE H via AVENUE M|981005|403617|450062|450059|450057|450157|981012|402132|402134|402135|302219|306239|303314|350026|350024|300549|300551|306420|350148|350101|350104|301814|350049|350228|350055|350054|350264|350046|350048|350082|350080|350078|304072|350243
MTABC_BM20278|BM2|SPRING CREEK SEAVIEW AV via AVENUE H via AVENUE M|450387|402082|403293|405220|450391|450202|302219|306239|303314|350026|350024|300549|300551|306420|350148|350101|350104|301814|350049|350228|350055|350054|350264|350046|350048|350082|350080|350078|304072|350244|304077|304078|308769|307206|307107|983015
MTABC_BM20279|BM2|CANARSIE WILLIAMS AV via AVENUE H via AVENUE M|981005|403617|450062|450059|450057|450157|981012|402132|402134|402135|403293|405220|450391|450202|302219|306239|303314|350026|350024|300549|300551|306420|350148|350101|350104|301814|350049|350228|350055|350054|350264|350046|350048|350082|350080|350078|304072|350243
MTABC_BM20299|BM2|MIDTOWN 57 ST via CHURCH ST via MADISON AV|304090|350245|350246|350081|350083|350084|350047|350058|350053|350056|350052|350050|350100|350099|350102|350149|300619|300621|300624|300627|350025|350027|303235|302228|350076|450419|400070|400071|450420|402082|981004|402143|402145|404833|405380|400354|403457|404299|450106|402215
MTABC_BM20300|BM2|DOWNTOWN LOOP via CHURCH ST via WATER ST|304083|306452|304084|304085|304086|304090|350245|350246|350081|350083|350084|350047|350058|350053|350056|350052|350050|350100|350099|350102|350149|300619|300621|300624|300627|350025|350027|303235|302228|350076|450419|400070|400071|450420|402082|981004|403293|405220|450391|450202
MTABC_BM20301|BM2|SUPER EXPRESS MIDTOWN 57 ST via MADISON AV|304090|350245|350246|350081|350083|350084|350047|350058|350053|350056|350052|350050|350100|350099|350102|350149|300619|300621|300624|300627|350025|350027|303235|302228|350076|402143|402145|404833|405380|400354|403457|404299|450106|402215
MTABC_BM30112|BM3|SHEEPSHEAD BAY EMMONS AV via OCEAN AV|981005|403617|450062|450059|450057|450157|450054|402132|402134|402135|306562|302693|302695|305743|302219|306239|350154|303996|303998|303999|304000|300980|307626|304005|304007|304008|307894|304012|350071|350067|350069|350247|350248|350075|350198|307854|306701|307020|300357|350204|300368
MTABC_BM30140|BM3|SHEEPSHEAD BAY EMMONS AV via OCEAN AV|450387|402082|403293|405220|450391|450202|306562|302693|302695|305743|302219|306239|350154|303996|303998|303999|304000|300980|307626|304005|304007|304008|307894|304012|350071|350067|350069|350247|350248|350075|350198|307854|306701|307020|300357|350204|300368
MTABC_BM30141|BM3|SHEEPSHEAD BAY EMMONS AV via OCEAN AV|981005|403617|450062|450059|450057|450157|450054|402132|402134|402135|403293|405220|450391|450202|306562|302693|302695|305743|302219|306239|350154|303996|303998|303999|304000|300980|307626|304005|304007|304008|307894|304012|350071|350067|350069|350247|350248|350075|350198|307854|306701|307020|300357|350204|300368
MTABC_BM30153|BM3|SUPER EXPRESS MIDTOWN 57 ST via MADISON AV|350203|350107|350192|350106|350105|350205|307806|350168|350074|307771|350200|350199|303913|303914|303916|303918|303919|303921|303923|307520|303926|303927|303928|303930|350224|302228|350076|305722|302766|402143|402145|404833|405380|400354|403457|404299|450106|402215
MTABC_BM30154|BM3|DOWNTOWN LOOP via CHURCH ST via WATER ST|350203|350107|350192|350106|350105|350205|307806|350168|350074|307771|350200|350199|303913|303914|303916|303918|303919|303921|303923|307520|303926|303927|303928|303930|350224|302228|350076|305722|302766|450419|400070|400071|450420|402082|981004|403293|405220|450391|450202
MTABC_BM30155|BM3|MIDTOWN 57 ST via CHURCH ST via MADISON AV|350203|350107|350192|350106|350105|350205|307806|350168|350074|307771|350200|350199|303913|303914|303916|303918|303919|303921|303923|307520|303926|303927|303928|303930|350224|302228|350076|305722|302766|450419|400070|400071|450420|402082|981004|402143|402145|404833|405380|400354|403457|404299|450106|402215
MTABC_BM40102|BM4|GERRITSEN BCH GERRITSEN AV|981005|403617|450062|450059|450057|450157|450054|402132|402134|402135|306562|302693|302695|305743|302219|306239|350154|303996|303998|303999|350043|350028|350030|308057|303486|303488|303490|350225|350226|306862|306863|307021|302585|302586|302588|302592|302594|302596
MTABC_BM40130|BM4|GERRITSEN BCH GERRITSEN AV|981005|403617|450062|450059|450057|450157|450054|402132|402134|402135|403293|405220|450391|450202|306562|302693|302695|305743|302219|306239|350154|303996|303998|303999|350043|350028|350030|308057|303486|303488|303490|350225|350226|306862|306863|307021|302585|302586|302588|302592|302594|302596
MTABC_BM40132|BM4|GERRITSEN BCH GERRITSEN AV|450387|402082|403293|405220|450391|450202|306562|302693|302695|305743|302219|306239|350154|303996|303998|303999|350043|350028|350030|308057|303486|303488|303490|350225|350226|306862|306863|307021|302585|302586|302588|302592|302594|302596
MTABC_BM40143|BM4|SUPER EXPRESS MIDTOWN 57 ST via MADISON AV|302599|302601|302603|306733|302609|302610|306787|306885|306861|303370|303371|307127|303375|303376|350031|350029|303926|303927|303928|303930|350224|302228|350076|305722|302766|402143|402145|404833|405380|400354|403457|404299|450106|402215
MTABC_BM40144|BM4|DOWNTOWN LOOP via CHURCH ST via WATER ST|302599|302601|302603|306733|302609|302610|306787|306885|306861|303370|303371|307127|303375|303376|350031|350029|303926|303927|303928|303930|350224|302228|350076|305722|302766|450419|400070|400071|450420|402082|981004|403293|405220|450391|450202
MTABC_BM40145|BM4|MIDTOWN 57 ST via CHURCH ST via MADISON AV|302599|302601|302603|306733|302609|302610|306787|306885|306861|303370|303371|307127|303375|303376|350031|350029|303926|303927|303928|303930|350224|302228|350076|305722|302766|450419|400070|400071|450420|402082|981004|402143|402145|404833|405380|400354|403457|404299|450106|402215
MTABC_BM50074|BM5|SPRING CREEK SEAVIEW AV via LINDEN BL via PENN AV|981005|403617|450062|450059|450057|401822|401823|401824|401826|401827|550473|553141|550450|550427|503792|301943|301947|300590|300591|306858|306260|306261|306262|304078|308769|307206|307107|983015
MTABC_BM50080|BM5|MIDTOWN 57 ST via MADISON AV|304083|306452|304084|304085|304086|306215|306216|306217|350207|350220|306854|306855|302051|307332|308086|550426|550449|550454|550462|401840|450552|400354|403457|404299|450106|402215
MTABC_BX230079|BX23|CO-OP CITY LOOP via SECTIONS 5-4-3-2-1|150038|101734|101735|103676|101737|101738|103538|103279|101740|103081|984014|101742|101743|101744|101745|101746|101747|103152|101749|101750|101751|101752|150141|150139
MTABC_BX230081|BX23|CO-OP CITY LOOP via SECTIONS 5-4-3-2-1|101751|150139
MTABC_BX230083|BX23|CO-OP CITY LOOP via SECTIONS 1-2-3-4-5|150139|104067|101716|101717|101718|101719|103674|101721|101722|101723|101724|101725|101726|984013|101727|101728|103063|103537|101729|101730|101731|150053|150038
MTABC_BXM100106|BXM10|MIDTOWN 23 ST via 5 AV|150146|102088|102090|102093|103667|102100|104241|101440|104327|101444|101447|450451|450446|400124|450064|450046|450060|405049|450082
MTABC_BXM100108|BXM10|WILLIAMSBRIDGE BOSTON RD via MORRIS PK AV via EASTCHSTR RD|450083|450093|450098|450104|450109|450413|450435|450409|101415|101418|101420|101422|101423|102037|103666|102044|102047|102050|102052
MTABC_BXM10118|BXM1|EAST MIDTOWN 34 ST via LEX AV|100469|100471|100472|100473|100474|150084|100700|100077|150164|100483|403418|403419|402826|402831|403595|402838|403424|403425|403821
MTABC_BXM10121|BXM1|EAST MIDTOWN 34 ST via LEX AV|100469|100471|100472|100473|100474|150084|100700|100702|100703|100704|100705|100706|100707|103916|150164|100483|403418|403419|402826|402831|403595|402838|403424|403425|403821
MTABC_BXM10144|BXM1|EAST MIDTOWN 34 ST via INWOOD via LEX AV|100469|100471|100472|100473|100474|150084|100700|100702|100703|100704|100705|100706|100707|103916|150164|100483|403485|404249|405428|403418|403419|402826|402831|403595|402838|403424|403425|403821
MTABC_BXM10162|BXM1|RIVERDALE 263 ST via INWOOD via H. HUDSON PKY|450228|450048|450049|450050|450051|402689|450397|450435|402697|403777|405442|404250|404028|984006|150125|150113|100675|100676|100677|100678|100679|100071|100459|100461|100462|100463|100464|100466|100467
MTABC_BXM10163|BXM1|RIVERDALE 263 ST via H HUDSON PKWY|450228|450048|450049|450050|450051|402689|450397|450435|402697|403777|984006|150125|150113|100675|100676|100677|100678|100679|100071|100459|100461|100462|100463|100464|100466|100467
MTABC_BXM110180|BXM11|EAST MIDTOWN 23 ST via BRONX ZOO via 5 AV|102793|103299|103302|150023|103362|150168|404081|400118|400125|450064|450122|450060|405049|981012
MTABC_BXM110183|BXM11|EAST MIDTOWN 23 ST via BRONX ZOO via 5 AV|103997|103501|150129|102786|102789|102793|103299|103302|150023|103362|150168|404081|400118|400125|450064|450122|450060|405049|981012
MTABC_BXM110184|BXM11|EAST MIDTOWN 23 ST via BRONX RIV PKY via 5 AV|103997|103501|150129|102786|102789|102793|404081|400118|400125|450064|450122|450060|405049|981012
MTABC_BXM110222|BXM11|WAKEFIELD 241 ST via BRONX ZOO via WHITE PLAINS RD|450457|400353|450094|450100|450106|450111|450035|450112|450351|150034|984009|150022|103330|103333|103408|102759|102762|150130|102769|103050|102775|150148
MTABC_BXM180077|BXM18|DOWNTOWN WALL ST via 5 AV via BROADWAY|100469|100471|100472|100473|100474|150084|100700|100702|100703|100704|100705|100706|100707|103916|150164|100483|450352|450060|450055|981012|400161|404208|404241|404220|404932|404202|400171
MTABC_BXM180081|BXM18|RIVERDALE 263 ST via MADISON AV via H. HUDSON PKY|450036|450378|405060|450356|400910|405024|403847|450457|450038|450525|400023|984006|150125|150113|100675|100676|100677|100678|100679|100071|100459|100461|100462|100463|100464|100466|100467
MTABC_BXM20111|BXM2|WEST MIDTOWN PENN STA-34 ST via KAPPOCK ST|100469|100471|100472|100473|100474|150084|100700|100702|100703|100704|100705|100706|100707|103916|150164|100483|404081|400115|400120|401339|401099|401348|405291|403797|450045|401360
MTABC_BXM20112|BXM2|WEST MIDTOWN PENN STA-34 ST via RIVERDALE AV|100469|100471|100472|100473|100474|150084|100700|100077|150164|100483|404081|400115|400120|401339|401099|401348|405291|403797|450045|401360
MTABC_BXM20149|BXM2|RIVERDALE 263 ST via H. HUDSON PKY|450066|404040|450067|405046|401014|400747|401021|401868|450543|450112|450351|984006|150125|150113|100675|100676|100677|100678|100679|100071|100459|100461|100462|100463|100464|100466|100467
MTABC_BXM30187|BXM3|MIDTOWN 26 ST via 5 AV|985006|985008|985007|985009|150032|100609|100610|100612|100613|100614|100615|150124|100058|100060|103932|100183|150116|150115|150118|400098|404168|400118|404303|400125|400128|450063|450059|450058|400324|981012
MTABC_BXM30188|BXM3|MIDTOWN 26 ST via 5 AV|150124|100058|100060|103932|100183|150116|150115|150118|400098|404168|400118|404303|400125|400128|450063|450059|450058|400324|981012
MTABC_BXM30189|BXM3|MIDTOWN 26 ST via 5 AV|985006|985008|985007|985009|150032|100609|100610|100612|100613|100614|100615|400098|404168|400118|404303|400125|400128|450063|450059|450058|400324|981012
MTABC_BXM30190|BXM3|YONKERS GETTY SQ via SEDGWICK AV via BROADWAY|450457|450087|450095|450099|450105|450110|450035|450543|450112|450351|400053|150119|150114|150117|100166|100088|100089|984010|150123|100588|100589|100590|100591|100592|100594|100595|985001|985002|985003|985004|985005
MTABC_BXM40141|BXM4|MIDTOWN 26 ST via 5 AV|150151|102248|102249|101190|101192|101193|101194|100730|100731|103722|100098|100100|100101|100103|100109|103973|100114|103974|100131|100134|400098|404168|400118|404303|400125|400128|450063|450059|450058|400324|981012
MTABC_BXM40142|BXM4|WOODLAWN 242 ST via CONCOURSE via KATONAH AV|450457|450087|450095|450099|450105|450110|450035|450543|450112|450351|400053|100025|100027|150063|100033|104112|100039|100045|100047|100048|102971|103721|103615|150001|101137|101138|101140|101142|102242|102243|984021
MTABC_BXM60115|BXM6|MIDTOWN 23 ST via 5 AV|103294|103037|984012|450451|450446|400124|450064|450046|450060|450055|450082
MTABC_BXM60117|BXM6|PARKCHESTER MET OVAL via METRO AV|450084|450091|450096|450102|450107|450413|450434|450409|103383|103272|984018
MTABC_BXM70233|BXM7|MIDTOWN 23 ST via 5 AV|103674|101723|101724|450451|450446|400124|450064|450046|450060|450055|450082
MTABC_BXM70234|BXM7|MIDTOWN 23 ST via 5 AV|103674|101723|450451|450446|400124|450064|450046|450060|450055|450082
MTABC_BXM70235|BXM7|MIDTOWN 23 ST via 5 AV|103674|101723|101724|101727|450451|450446|400124|450064|450046|450060|450055|450082
MTABC_BXM70251|BXM7|CO-OP CITY DREISER LOOP via BRUCKNER EXY|450078|450090|450098|450330|450108|450413|450436|450409|104005|150055|103279|103081|101743|101745|984019
MTABC_BXM70252|BXM7|MIDTOWN 23 ST via 5 AV|103674|101723|101724|101727|103063|150056|103789|450451|450446|400124|450064|450046|450060|450055|450082
MTABC_BXM70253|BXM7|MIDTOWN 23 ST via 5 AV|101727|103063|150056|103789|450451|450446|400124|450064|450046|450060|450055|450082
MTABC_BXM70254|BXM7|MIDTOWN 23 ST via 5 AV|101724|101727|103063|150056|103789|450451|450446|400124|450064|450046|450060|450055|450082
MTABC_BXM70255|BXM7|MIDTOWN 23 ST via 5 AV|150056|103789|450451|450446|400124|450064|450046|450060|450055|450082
MTABC_BXM80172|BXM8|MIDTOWN 23 ST via 5 AV|103280|103181|100325|100328|150036|100332|150158|450451|450446|400124|450064|450046|450060|450055|450082
MTABC_BXM80173|BXM8|MIDTOWN 23 ST via 5 AV|100860|100861|100863|100865|100866|100868|103280|103181|100325|100328|150036|100332|150158|450451|450446|400124|450064|450046|450060|450055|450082
MTABC_BXM80174|BXM8|PELHAM BAY WESTCHESTER AVE via BRUCKNER BL|981013|450092|450098|450104|450109|450413|450436|450409|150037|103390|103413|100294|100297|150069|150040|103945
MTABC_BXM80175|BXM8|CITY ISLAND via BRUCKNER BL|981013|450092|450098|450104|450109|450413|450436|450409|150037|103390|103413|100294|100297|150069|150040|103945|100821|100823|100824|100826|100828|100829
MTABC_BXM90138|BXM9|THROGS NECK LAYTON AV via TREMONT AV via HARDING AV|981014|450091|450096|450102|450107|450413|450434|450409|150041|104106|102593|103228|103229|102621|104229|103690|103161|104062|150086
MTABC_BXM90147|BXM9|MIDTOWN 23 ST via 5 AV|150085|103196|103698|103459|102602|103544|102658|102659|103925|102613|150042|450451|450446|400124|450064|450046|450060|405049|450082
MTABC_BXM90148|BXM9|THROGS NECK LAYTON AV via TREMONT AV via HARDING AV|981014|450091|450096|450102|450107|450413|450434|450409|150041|104106|102593|103228|103229|102621|104229|103690|103161|104062|103192
MTABC_Q060258|Q06|ROCKAWAY BL via SUTPHIN BL|550184|550040|550041|550042|550043|550044|550045|550046|550047|550048|550049|550050|550051|550052|550053|550054|550055|550057
MTABC_Q060259|Q06|ROCKAWAY BL via SUTPHIN BL|550034|550035|553159|550036|502145|550184|550040|550041|550042|550043|550044|550045|550046|550047|550048|550049|550050|550051|550052|550053|550054|550055|550057
MTABC_Q060262|Q06|JAMAICA 165 ST TERM via SUTPHIN BL|550004|550005|552983|550007|550008|550009|552909|550011|550012|550013|550014|550015|550016|550017|550018|550019|550020|550021|550024|550025|550027|550028|550030|550031|553131|553132|553133|553134|503674|982152
MTABC_Q060263|Q06|ARCHER AV via SUTPHIN BL|550004|550005|552983|550007|550008|550009|552909|550011|550012|550013|550014|550015|550016|550017|550018|550019|550020|550021|550024|550025|550027|550028|550030|550031
MTABC_Q060264|Q06|ARCHER AV via SUTPHIN BL|550012|550013|550014|550015|550016|550017|550018|550019|550020|550021|550024|550025|550027|550028|550030|550031
MTABC_Q060268|Q06|JAMAICA 165 ST TERM via SUTPHIN BL|550001|550002|550003|550004|550005|552983|550007|550008|550009|552909|550011|550012|550013|550014|550015|550016|550017|550018|550019|550020|550021|550024|550025|550027|550028|550030|550031|553131|553132|553133|553134|503674|982152
MTABC_Q060269|Q06|LIMITED JAMAICA 165 ST TERMINAL via SUTPHIN BLVD|550001|550002|550003|550004|550005|552983|550007|550008|550009|552909|550011|550012|550016|550019|550024|550031|553131|553132|503674|982152
MTABC_Q060292|Q06|JFK AIRPORT N. BOUNDARY RD via SUTPHIN BL via ROCKAWAY BL|550034|550035|553159|550036|502145|550184|550040|550041|550042|550043|550044|550045|550046|550047|550048|550049|550050|550051|550052|550053|550054|550055|550057|550058|550059|550061|550060|550062|550063|550064|550065|550066|550067|550068|982186
MTABC_Q060293|Q06|LIMITED JFK AIRPORT N. BOUNDARY RD via SUTPHIN BL|550034|550036|550184|550044|550049|550052|550057|550058|550059|550061|550060|550062|550063|550064|550065|550066|550067|550068|982186
MTABC_Q060294|Q06|NASSAU EXPRESSWAY via SUTPHIN BL|550184|550040|550041|550042|550043|550044|550045|550046|550047|550048|550049|550050|550051|550052|550053|550054|550055|550057|550058|550059|550061|550060|550062|550063|550064|550065
MTABC_Q060295|Q06|NASSAU EXPRESSWAY via SUTPHIN BL|550034|550035|553159|550036|502145|550184|550040|550041|550042|550043|550044|550045|550046|550047|550048|550049|550050|550051|550052|550053|550054|550055|550057|550058|550059|550061|550060|550062|550063|550064|550065
MTABC_Q070032|Q07|150 ST via ROCKAWAY BL|550083|550084|550085|550086|550087|550088|550089|550090|550091|553151|550093|550094|550095|550096|550097
MTABC_Q070033|Q07|150 ST via ROCKAWAY BL|550235|550075|550076|550077|550078|550079|550080|550081|550082|550083|550084|550085|550086|550087|550088|550089|550090|550091|553151|550093|550094|550095|550096|550097
MTABC_Q070181|Q07|150 ST via ROCKAWAY BL|553297|550071|550072|550073|550074|550075|550076|550077|550078|550079|550080|550081|550082|550083|550084|550085|550086|550087|550088|550089|550090|550091|553151|550093|550094|550095|550096|550097
MTABC_Q070184|Q07|150 ST via ROCKAWAY BL|350000|350232|350233|350172|550247|550248|550249|550250|550251|550252|550253|550254|550255|550069|553297|550071|550072|550073|550074|550075|550076|550077|550078|550079|550080|550081|550082|550083|550084|550085|550086|550087|550088|550089|550090|550091|553151|550093|550094|550095|550096|550097
MTABC_Q070185|Q07|150 ST via ROCKAWAY BL|350000|350232|350233|350172|550247|550248|550249|550250|550251|550252|550253|550254|550255|550069|553297|550071|550072|550073|550074|550075|550076|550077|550078|550079|550080|550081|550082|550083|550084|550085|550086|550087|550088|550089|550090|550091|553151|550093|550094|550095|550096|550097
MTABC_Q070193|Q07|150 ST via ROCKAWAY BL|550083|550084|550085|550086|550087|550088|550089|550090|550091|553151|550093|550094|550095|550096|550097
MTABC_Q070200|Q07|CROSS BAY BL via ROCKAWAY BL|550114|550115|550116|550117|550118|550119|550120|550121|550122|550123|550124|550126|550127|550128|550129|550131|550132|550134|550136|550137|550138
MTABC_Q070203|Q07|LAFAYETTE ST via ROCKAWAY BL|550114|550115|550116|550117|550118|550119|550120|550121|550122|550123|550124|550126|550127|550128|550129|550131|550132|550134|550136|550137|550138|551529
MTABC_Q070204|Q07|CROSS BAY BL via ROCKAWAY BL|550114|550115|550116|550117|550118|550119|550120|550121|550122|550123|550124|550126|550127|550128|550129|550131|550132|550134|550136|550137|550138
MTABC_Q070221|Q07|150 ST via ROCKAWAY BL|550072|550235|550075|550076|550077|550078|550079|550080|550081|550082|550083|550084|550085|550086|550087|550088|550089|550090|550091|553151|550093|550094|550095|550096|550097
MTABC_Q070230|Q07|JFK AIRPORT S. CARGO RD via ROCKAWAY BL|553297|550071|550072|550073|550074|550075|550076|550077|550078|550079|550080|550081|550082|550083|550084|550085|550086|550087|550088|550089|550090|550091|553151|550093|550094|550095|550096|550097|550098|550099|550100|922164|504441|550101|550102|982156
MTABC_Q070231|Q07|JFK AIRPORT S. CARGO RD via ROCKAWAY BL|350000|350232|350233|350172|550247|550248|550249|550250|550251|550252|550253|550254|550255|550069|553297|550071|550072|550073|550074|550075|550076|550077|550078|550079|550080|550081|550082|550083|550084|550085|550086|550087|550088|550089|550090|550091|553151|550093|550094|550095|550096|550097|550098|550099|550100|922164|504441|550101|550102|982156
MTABC_Q070232|Q07|EAST NEW YORK EUCLID AV STA via ROCKAWAY BL|550103|550107|550108|550109|550110|550111|550112|550113|550114|550115|550116|550117|550118|550119|550120|550121|550122|550123|550124|550126|550127|550128|550129|550131|550132|550134|550136|550137|550138|550139|550140|550141|550142|550143|550144|550145|550146|350174|350175|350176|982155
MTABC_Q070233|Q07|EAST NEW YORK EUCLID AV STA via ROCKAWAY BL|550114|550115|550116|550117|550118|550119|550120|550121|550122|550123|550124|550126|550127|550128|550129|550131|550132|550134|550136|550137|550138|550139|550140|550141|550142|550143|550144|550145|550146|350174|350175|350176|982155
MTABC_Q070234|Q07|EAST NEW YORK EUCLID AV STA via ROCKAWAY BL|550114|550115|550116|550117|550118|550119|550120|550121|550122|550123|550124|550126|550127|550128|550129|550131|550132|550134|550136|550137|550138|550139|550140|550141|550142|550143|550144|550145|550146|350174|350175|350176|982155
MTABC_Q080097|Q08|EAST NEW YORK EUCLID AV STA via 101 AV|550206|550207|550208|550209|550211|550213|550214|550215|350178|350179|350180|350176|350000
MTABC_Q080188|Q08|EAST NEW YORK EUCLID AV STA via 101 AV|550183|550035|553159|550036|502145|550039|550040|550185|550186|550187|550188|550189|550190|550191|550192|550193|550194|550196|550197|550198|550199|550200|550201|550203|550204|550205|550206|550207|550208|550209|550211|550213|550214|550215|350178|350179|350180|350176|350000
MTABC_Q080205|Q08|JAMAICA 165 ST TERM via 101 AV|350231|350232|350233|350004|550152|550153|550154|550156|550158|550159|550160|550161|550162|550163|550164|550166|550167|550168|550169|550171|550173|550174|550175|550176|550177|550178|550179|550180|553120|550181|550182|550030|553278|553131|553132|553133|553134|503674|982152
MTABC_Q080206|Q08|JAMAICA 165 ST TERM via 101 AV|308760|308528|308664|307922|350229|301034|350230|350237|350238|350231|350232|350233|350004|550152|550153|550154|550156|550158|550159|550160|550161|550162|550163|550164|550166|550167|550168|550169|550171|550173|550174|550175|550176|550177|550178|550179|550180|553120|550181|550182|550030|553278|553131|553132|553133|553134|503674|982152
MTABC_Q080207|Q08|SPRING CREEK GATEWAY MALL via 101 AV|550183|550035|553159|550036|502145|550039|550040|550185|550186|550187|550188|550189|550190|550191|550192|550193|550194|550196|550197|550198|550199|550200|550201|550203|550204|550205|550206|550207|550208|550209|550211|550213|550214|550215|350178|350179|350180|350176|350000|301505|301506|306291|350234|350235|307649|307181|308380|982157
MTABC_Q080208|Q08|JAMAICA 165 ST TERM via 101 AV|308659|350229|301034|350230|350237|350238|350231|350232|350233|350004|550152|550153|550154|550156|550158|550159|550160|550161|550162|550163|550164|550166|550167|550168|550169|550171|550173|550174|550175|550176|550177|550178|550179|550180|553120|550181|550182|550030|553278|553131|553132|553133|553134|503674|982152
MTABC_Q080217|Q08|JAMAICA 165 ST TERM via 101 AV|350231|350232|350233|350004|550152|550153|550154|550156|550158|550159|550160|550161|550162|550163|550164|550166|550167|550168|550169|550171|550173|550174|550175|550176|550177|550178|550179|550180|553120|550181|550182|550030|553278|553131|553132|553133|553134|503674|982152
MTABC_Q080225|Q08|94 ST via 101 AV|350231|350232|350233|350004|550152|550153|550154|550156|550158|550159|550160|550161
MTABC_Q090118|Q09|JAMAICA 165 ST TERM|550220|550221|550222|550223|550224|550225|550226|550227|550228|550229|550230|550231|550232|550182|550030|553278|553131|553132|553133|553134|503674|982152
MTABC_Q090119|Q09|S. OZONE PARK ROCKAWAY BL|550243|550035|553159|550036|502145|550245|550040|982145|550256|550242|550257|550258|550259|550260|550261|550240|550239|550238|550237|550236|982158
MTABC_Q1000186|Q100|LIMITED RIKERS IS|553193|550670|553040|550688|550692|553026|553228|553191|982050|982174
MTABC_Q1000187|Q100|LIMITED HAZEN ST|553193|550670|553040|550688|550692|553026|553228|553191|982050
MTABC_Q1000188|Q100|LIMITED LI CITY QUEENS PLZ|552077|552069|550867|553229|553102|550693|550689|550685|550671|982109
MTABC_Q1000189|Q100|LIMITED LI CITY QUEENS PLZ|552069|550867|553229|553102|550693|550689|550685|550671|982109
MTABC_Q100521|Q10|KEW GARDENS UNION TPK STA via 130 ST via LEFFERTS BL|550290|550291|550292|550293|553217|553218|550123|550124|550126|550309|550311|550313|550315|550317|550319|550321|550323|550327|550329|550331|550333|550335|550337|550339|550341|550343|553156|550345|550347|550348|982159
MTABC_Q100523|Q10|KEW GARDENS UNION TPK STA via 130 ST via LEFFERTS BL|550309|550311|550313|550315|550317|550319|550321|550323|550327|550329|550331|550333|550335|550337|550339|550341|550343|553156|550345|550347|550348|982159
MTABC_Q100529|Q10|ROCKAWAY BL|550378|550346|550353|550344|550342|550340|550338|550336|550334|550332|550354|550328|550324|550322|550320|550318|550316|550314|550312|553307
MTABC_Q100534|Q10|150 AV via LEFFERTS BL via 130 ST|550378|550346|550353|550344|550342|550340|550338|550336|550334|550332|550354|550328|550324|550322|550320|550318|550316|550314|550312|553307|550083|550084|550085|550086|550087|553219|553220|553221|553276|550290
MTABC_Q100566|Q10|JFK AIRPORT via LEFFERTS BL via 130 ST|550349|550350|550351|550352|550353|550344|550342|550340|550338|550336|550334|550332|550354|550328|550324|550322|550320|550318|550316|550314|550312|553307|550083|550084|550085|550086|550087|553219|553220|553221|550360|550361|982180|503793|982006
MTABC_Q100567|Q10|LIMITED JFK AIRPORT via LEFFERTS BL|550349|550344|550336|550354|550324|550320|553307|550304|550300|982006
MTABC_Q100568|Q10|KEW GARDENS UNION TPK STA via 130 ST via LEFFERTS BL|553257|550289|550290|550291|550292|550293|553217|553218|550123|550124|550126|550309|550311|550313|550315|550317|550319|550321|550323|550327|550329|550331|550333|550335|550337|550339|550341|550343|553156|550345|550347|550348|982159
MTABC_Q100569|Q10|LIMITED to KEW GARDENS UNION TPK STA via LEFFERTS BL|553257|550299|550303|550309|550319|550323|550329|550335|550343|982159
MTABC_Q1010151|Q101|STEINWAY 19 AV via STEINWAY ST|450445|401764|553034|552028|552029|552031|552032|552034|552036|552040|552042|552044|552046|552048|552050|552052|552054|552056|552058|552060|552062|552063|552064|552066|552068|552069
MTABC_Q1010152|Q101|EAST MIDTOWN 2 AV via STEINWAY ST|552069|552070|552067|552065|552071|552072|552061|552059|552057|552055|552053|552051|552049|552047|552045|552043|552041|552037|552035|552033|552073|553187|503340|981007
MTABC_Q1010153|Q101|STEINWAY 19 AV via STEINWAY ST|450445|401764|552029|552031|552032|552034|552036|552040|552042|552044|552046|552048|552050|552052|552054|552056|552058|552060|552062|552063|552064|552066|552068|552069
MTABC_Q1020150|Q102|ROOSEVELT ISLAND via 31 ST|553050|552986|550519|552987|550520|550522|550524|550525|552124|552125|552110|552108|552106|552104|552102|552100|552098|552096|552094|553187|503340|550659|552092|552090|552088|552086|552084|552082|552080|552078|450146|450148|450150|450152|450154|450144|450141|450147|450151|450149|982142|450465|450145
MTABC_Q1020151|Q102|ASTORIA 27 AV via 31 ST|450145|450143|450142|981006|450069|450074|982054|552081|552085|552087|552089|552091|550739|553034|552028|552029|552095|552097|552099|552101|552103|552105|552107|552109|552111|550528|550526|550603|550523|550604|550605|552988|552989|552985|553049
MTABC_Q1030082|Q103|HUNTERS PT BORDEN AV via VERNON BL|553050|552986|550519|552987|552160|552158|552156|552154|553306|552150|982054|552081|552148|552146|552144|550671|552090|552088|552086|552142|552140|552136|552161|552131|982175
MTABC_Q1030083|Q103|ASTORIA 27 AV via VERNON BL|552162|552128|552130|552132|552134|552135|552137|552139|552085|552087|552089|550670|552143|552145|552147|552082|552080|552078|552149|552151|552153|552155|552157|552159|552988|552989|552985|553049
MTABC_Q1040035|Q104|SUNNYSIDE 46 ST STA via BROADWAY via 48 ST|552163|552165|552166|552169|552171|552173|552175|552177|552179|552181|552183|552185|552187|552189|552191|553315|553316|552968|552198|552200|982176
MTABC_Q1040036|Q104|LI CITY 11 ST via 48 ST via BROADWAY|552204|552205|552203|552201|552199|552197|552195|553317|552192|552190|552188|552186|552184|552182|552180|552178|552176|552174|552172|552170|552167|552156|552154|552207|982177
MTABC_Q1100112|Q110|179 ST STA|501962|552244|552242|552240|552238|552236|552227|553038|553124|552231|552229|552253|552225|552221|552219|552217|552215|552223
MTABC_Q1100124|Q110|JAMAICA PARSONS-HILLSIDE via JAMAICA AV|501962|552244|552242|552240|552238|552236|552227|553038|553124|552231|552229|552253|552225|552221|552219|552217|552215|552255|552256|552257|552258|503185|552209|503953|503932|503789|503166|982086
MTABC_Q1100139|Q110|212 ST via JAMAICA AV|552208|553036|503938|503614|503283|982053|552210|553020|552212|552213|552214|552216|552218|552220|552224|552226|552228|552230|552232|553310|552234|552235|552237|552239|552241|552243|552245
MTABC_Q1100147|Q110|BELMONT PARK via JAMAICA AV|552208|553036|503938|503614|503283|982053|552210|553020|552212|552213|552214|552216|552218|552220|552224|552226|552228|552230|552232|553310|552234|552235|552237|552239|552241|552243|552245|552247|552248|552249|505131|500120|500121|500122|904250
MTABC_Q1100148|Q110|JAMAICA PARSONS-HILLSIDE via JAMAICA AV|553437|500123|500124|500125|552252|552250|501962|552244|552242|552240|552238|552236|552227|553038|553124|552231|552229|552253|552225|552221|552219|552217|552215|552255|552256|552257|552258|503185|552209|503953|503932|503789|503166|982086
MTABC_Q1100154|Q110|179 ST STA|553437|500123|500124|500125|552252|552250|501962|552244|552242|552240|552238|552236|552227|553038|553124|552231|552229|552253|552225|552221|552219|552217|552215|552223
MTABC_Q1100155|Q110|BELMONT PARK via JAMAICA AV|552222|552224|552226|552228|552230|552232|553310|552234|552235|552237|552239|552241|552243|552245|552247|552248|552249|505131|500120|500121|500122|904250
MTABC_Q110386|Q11|PITKIN AV via WOODHAVEN BL|552993|550471|550472|550473|550474|550475|553363|553141|550480|550452|550450|553355|553353|553357|550438|550436|553180|553160|553142|550431|552970|550500
MTABC_Q110389|Q11|PITKIN AV via WOODHAVEN BL|552993|550471|550472|550473|550474|550475|553363|553141|550480|550452|550450|553355|553353|553357|550438|550436|553180|553160|553142|550431|552970|550500
MTABC_Q110410|Q11|OLD HOWARD BEACH 99 ST via WOODHAVEN BL|552993|550471|550472|550473|550474|550475|553363|553141|550480|550452|550450|553355|553353|553357|550438|550436|553180|553160|553142|550431|552970|550500|550410|550502|550503|552982|550504|550505|550506|550507|550508|550509|550391|550388|550386|550384|550382|550512|550513|982148
MTABC_Q110411|Q11|HAMILTON BEACH 104 ST via WOODHAVEN BL|552993|550471|550472|550473|550474|550475|553363|553141|550480|550452|550450|553355|553353|553357|550438|550436|553180|553160|553142|550431|552970|550500|550410|550502|550503|552982|550504|550505|550506|550507|550508|550509|550510|553147|550395|550511|982147
MTABC_Q110414|Q11|ELMHURST WOODHAVEN BL STA via WOODHAVEN BL|551529|550426|550428|550430|553352|553346|982125|550435|550437|553350|553349|553351|550449|550451|550453|550454|550456|550458|505087|550462|550465|550466|550467|553333|982113
MTABC_Q110415|Q11|ELMHURST WOODHAVEN BL STA via WOODHAVEN BL|551529|550426|550428|550430|553352|553346|982125|550435|550437|553350|553349|553351|550449|550451|550453|550454|550456|550458|505087|550462|550465|550466|550467|553333|982113
MTABC_Q110416|Q11|ELMHURST WOODHAVEN BL STA via WOODHAVEN BL|552683|982125|550435|550437|553350|553349|553351|550449|550451|550453|550454|550456|550458|505087|550462|550465|550466|550467|553333|982113
MTABC_Q110417|Q11|ELMHURST WOODHAVEN BL STA via WOODHAVEN BL|550393|550390|550392|550394|550396|550398|550399|550401|550402|550403|550404|550406|550407|550408|550409|550426|550428|550430|553352|553346|982125|550435|550437|553350|553349|553351|550449|550451|550453|550454|550456|550458|505087|550462|550465|550466|550467|553333|982113
MTABC_Q110418|Q11|ELMHURST WOODHAVEN BL STA via WOODHAVEN BL|550514|550379|550381|550383|550385|550387|550389|550398|550399|550401|550402|550403|550404|550406|550407|550408|550409|550426|550428|550430|553352|553346|982125|550435|550437|553350|553349|553351|550449|550451|550453|550454|550456|550458|505087|550462|550465|550466|550467|553333|982113
MTABC_Q110419|Q11|ELMHURST WOODHAVEN BL STA via WOODHAVEN BL|550426|550428|550430|553352|553346|982125|550435|550437|553350|553349|553351|550449|550451|550453|550454|550456|550458|505087|550462|550465|550466|550467|553333|982113
MTABC_Q110420|Q11|ELMHURST WOODHAVEN BL STA via WOODHAVEN BL|550426|550428|550430|553352|553346|982125|550435|550437|553350|553349|553351|550449|550451|550453|550454|550456|550458|505087|550462|550465|550466|550467|553333|982113
MTABC_Q1110274|Q111|FARMERS BL|552363|505256|552358|552354|552352|552350|552348|552346|552366|552367|552341|552339|552337|552335|552333|552331|552329|552327|552325|552323|552321|552319|552317|552368
MTABC_Q1110276|Q111|JAMAICA PARSONS-HILLSIDE via 147 AV via BREWER BL|552259|552261|552263|552265|552267|552269|552271|552273|552275|552277|552278|552280|552282|552284|552287|552289|552291|552293|552295|552297|552299|552300|552302|552303|552304|552306|552308|552309|552310|552312|552314|552315|552316|552318|552320|552322|552324|552326|552328|552330|552332|552334|552336|552338|552340|552342|552343|552344|552345|552347|552349|552351|552353|552355|552357|505264|503789|503166|503169|500249
MTABC_Q1110277|Q111|JAMAICA PARSONS-HILLSIDE via BREWER BL|552284|552287|552289|552291|552293|552295|552297|552299|552300|552302|552303|552304|552306|552308|552309|552310|552312|552314|552315|552316|552318|552320|552322|552324|552326|552328|552330|552332|552334|552336|552338|552340|552342|552343|552344|552345|552347|552349|552351|552353|552355|552357|505264|503789|503166|503169|500249
MTABC_Q1110278|Q111|JAMAICA PARSONS-HILLSIDE via BREWER BL|982066|982067|552316|552318|552320|552322|552324|552326|552328|552330|552332|552334|552336|552338|552340|552342|552343|552344|552345|552347|552349|552351|552353|552355|552357|505264|503789|503166|503169|500249
MTABC_Q1110279|Q111|JAMAICA PARSONS-HILLSIDE via BREWER BL|552324|552326|552328|552330|552332|552334|552336|552338|552340|552342|552343|552344|552345|552347|552349|552351|552353|552355|552357|505264|503789|503166|503169|500249
MTABC_Q1110282|Q111|ROSEDALE F. LEWIS BL via BREWER BL via 147 AV|552363|505256|552358|552354|552352|552350|552348|552346|552366|552367|552341|552339|552337|552335|552333|552331|552329|552327|552325|552323|552321|552319|552317|552368|552369|552313|552311|552370|552307|552305|552371|552372|552373|552301|552374|552298|552296|552294|552292|552290|552288|552285
MTABC_Q1110283|Q111|CEDARHURST PENINSULA BL via BREWER BL via 147 AV|552363|505256|552358|552354|552352|552350|552348|552346|552366|552367|552341|552339|552337|552335|552333|552331|552329|552327|552325|552323|552321|552319|552317|552368|552369|552313|552311|552370|552307|552305|552371|552372|552373|552301|552374|552298|552296|552294|552292|552290|552288|552285|552283|552281|552279|552376|552276|552274|552272|552270|552268|552266|552264|552262|552260
MTABC_Q1120100|Q112|JAMAICA PARSONS-HILLSIDE via LIBERTY AV|550137|552377|552378|552379|552380|552381|552382|552384|552386|553299|552389|552391|552392|552393|552394|552395|552397|550229|550230|550231|550232|552399|552400|552401|552403|552405|552407|552408|552353|552355|552357|505264|503789|503166|552208
MTABC_Q1120101|Q112|OZONE PARK ROCKAWAY BL STA via LIBERTY AV|552364|553036|552358|552356|552410|552411|552406|552404|552412|552402|552413|552414|550256|550242|552398|552396|552415|552416|552417|552390|552388|552418|552419|552385|552383|552420|552421|552422|552423|552424|982090
MTABC_Q1120102|Q112|JAMAICA PARSONS-HILLSIDE via LIBERTY AV|550137|552377|552378|552379|552380|552381|552382|552384|552386|553299|552389|552391|552392|552393|552394|552395|552397|550229|550230|550231|550232|552399|552400|552401|552403|552405|552407|552408|552353|552355|552357|505264|503789|503166|552208
MTABC_Q1130119|Q113|LIMITED FAR ROCKAWAY SEAGIRT BL via BREWER BL/NASSAU EXPWY|552365|552409|552348|552367|552337|552331|552323|552368|553234|552481|552482|552483|982118|552500|552443|552439|552436|552434|552502
MTABC_Q1130120|Q113|LIMITED JAMAICA PARSONS-HILLSIDE via NASSAU EXY via BREWER BL|550818|552427|552430|552440|552442|552445|982117|552474|552475|553233|552315|552322|552330|552336|552340|552347|505264|500249
MTABC_Q1140142|Q114|FAR ROCKAWAY SEAGIRT BL via BREWER BL|552365|552409|552358|552354|552352|552350|552348|552346|552366|552367|552341|552339|552337|552335|552333|552331|552329|552327|552325|552323|552321|552319|552317|552368|552369|553234|552481|552482|552483|552473|552484|552485|552486|552487|552467|552488|552464|552457|552495|552496|552452|552450|553272|553273|552500|552443|552439|552437|552501|552436|552435|552434|552502
MTABC_Q1140143|Q114|JAMAICA PARSONS-HILLSIDE via BREWER BL|550818|552426|552427|552429|552431|552432|552433|552440|552441|552442|552445|552446|552448|552449|552451|552453|552454|552455|552456|552463|552465|552466|552468|552469|552470|552471|552472|552474|552475|553233|552314|552315|552316|552318|552320|552322|552324|552326|552328|552330|552332|552334|552336|552338|552340|552342|552343|552344|552345|552347|552349|552351|552353|552355|552357|505264|503789|503166|503169|500249
MTABC_Q1140144|Q114|LIMITED FAR ROCKAWAY SEAGIRT BL via BREWER BL|552365|552409|552348|552367|552337|552331|552323|552368|553234|552481|552482|552483|552473|552484|552485|552486|552487|552467|552488|552464|552457|552495|552496|552452|552450|553272|553273|552500|552443|552439|552437|552501|552436|552435|552434|552502
MTABC_Q1140145|Q114|LIMITED JAMAICA PARSONS-HILLSIDE via BREWER BL|550818|552426|552427|552429|552431|552432|552433|552440|552441|552442|552445|552446|552448|552449|552451|552453|552454|552455|552456|552463|552465|552466|552468|552469|552470|552471|552472|552474|552475|553233|552315|552322|552330|552336|552340|552347|505264|500249
MTABC_Q180075|Q18|ASTORIA 2 ST|550579|550580|550581|550582|550583|550584|550585|550570|550586|550567|550587|550588|550563|550589|550560|550590|550557|550555|550591|550592|550551|550593|552952|550594|550546|550595|550596|550597|550540|550538|550598|550599|550600|550533|550601|550602|550528|550526|550603|550523|550604|550605|552988|552989|552985|553049
MTABC_Q180084|Q18|MASPETH GRAND AV|553050|552986|550519|552987|550520|550522|550524|550525|550527|550529|550530|550531|550532|550534|550535|550536|550537|550539|550541|550542|550543|550545|550547|550548|553288|550550|550552|550553|550554|550556|553039|550559|550561|550562|550564|550565|550566|550568|550569|550572|550573|553176|550576|503469|982162
MTABC_Q190112|Q19|FLUSHING MAIN ST STA via ASTORIA BL|553050|550519|552987|552117|552122|550607|550608|550609|550612|503871|550615|505190|504418|503872|504423|550620|550622|550625|550626|550627|550628|550630|550632|550634|550636|550638|550640|553166|552981|551901|551761|505227
MTABC_Q190113|Q19|ASTORIA 2 ST via ASTORIA BL|503845|500994|551900|553165|553170|550639|550637|550635|550633|550631|550629|550642|550643|550623|550621|504517|503869|550646|550647|504419|550648|505156|503870|550613|503960|505294|550650|552807|552806|552115|552116|552118|552119|552989|552985|553049
MTABC_Q210214|Q21|HOWARD BEACH 164 AV via WOODHAVEN BL|552993|550471|550472|550473|550474|550475|553363|553141|550480|550452|550450|553355|553353|553357|550438|550436|553180|553160|553142|550431|552970|550427|550425|550485|550486|550488|550490|550492|550494|550496|982208|550423|550421|550417|982149
MTABC_Q210215|Q21|HOWARD BEACH 164 AV via WOODHAVEN BL|552993|550471|550472|550473|550474|550475|553363|553141|550480|550452|550450|553355|553353|553357|550438|550436|553180|553160|553142|550431|552970|550427|550425|550485|550486|550488|550490|550492|550494|550495|550496|982208|550423|550421|550417|551482|551483|551484|551485|551486|551488|551489|551490|551491|551492
MTABC_Q210216|Q21|HOWARD BEACH 164 AV via WOODHAVEN BL|552993|550471|550472|550473|550474|550475|553363|553141|550480|550452|550450|553355|553353|553357|550438|550436|553180|553160|553142|550431|552970|550427|550425|550485|550486|550488|550490|550492|550494|550495|550496|982208|550423|550421|550417|551482
MTABC_Q210226|Q21|ELMHURST WOODHAVEN BL STA via WOODHAVEN BL|551482|551483|551484|551485|551486|551488|551489|551490|551491|551492|982212|550497|553089|550723|550493|550491|550489|550487|550725|550424|550426|550428|550430|553352|553346|982125|550435|550437|553350|553349|553351|550449|550451|550453|550454|550456|550458|505087|550462|550465|550466|550467|553333|982113
MTABC_Q210227|Q21|ELMHURST WOODHAVEN BL STA via WOODHAVEN BL|550736|550690|550694|550696|550699|550700|550702|550704|553027|550711|553095|550716|550717|550719|550412|550416|550418|982212|550497|553089|550723|550493|550491|550489|550487|550725|550424|550426|550428|550430|553352|553346|982125|550435|550437|553350|553349|553351|550449|550451|550453|550454|550456|550458|505087|550462|550465|550466|550467|553333|982113
MTABC_Q220630|Q22|ROXBURY B. 169 ST via BCH CHANNEL DR via ROCKWAY BCH BL|550825|550846|550847|550848|550849|550850|550851|550819|550813|550852|550808|550853|553031|550803|552997|550797|550793|550791|550789|550787|550854|553367|550782|550780|550777|982112|550772|553368|553369|550732|553029|550695|550691|550733|550735|550857|550858|550761|550757|550753|550749|550860|552961|982151
MTABC_Q220636|Q22|ROXBURY B. 169 ST via BCH CHANNEL DR via ROCKWAY BCH BL|550736|550733|550735|550857|550858|550761|550757|550753|550749|550860|552961|982151
MTABC_Q220638|Q22|ROXBURY B. 169 ST via BCH CHANNEL DR via ROCKWAY BCH BL|552997|550797|550793|550791|550789|550787|550854|553367|550782|550780|550777|982112|550772|553368|553369|550732|553029|550695|550691|550733|550735|550857|550858|550761|550757|550753|550749|550860|552961|982151
MTABC_Q220642|Q22|B. 116 ST|550825|550846|550847|550848|550849|550850|550851|550819|550813|550852|550808|550853|553031|550803|552997|550797|550793|550791|550789|550787|550854|553367|550782|550780|550777|982112|550772|553368|553369|550732|553029|550695|550691|550733|550735
MTABC_Q220643|Q22|ROXBURY B. 169 ST via BCH CHANNEL DR via ROCKWAY BCH BL|550825|550846|550847|550848|550849|550850|550851|550819|550813|550852|550808|550853|553031|550803|552997|550797|550793|550791|550789|550787|550854|553367|550782|550780|550777|982112|550772|553368|553369|550732|553029|550695|550691|550733|550735|550857|550858|550761|550757|550753|550749|550860|552961|982151
MTABC_Q220651|Q22|B. 116 ST|550825|550846|550847|550848|550849|550850|550851|550819|550813|550852|550808|550853|553031|550803|552997|550797|550793|550791|550789|550787|550854|553367|550782|550780|550777|982112|550772|553368|553369|550732|553029|550695|550691|553389|982194
MTABC_Q220652|Q22|FAR ROCKAWAY MOTT AV via ROCKAWAY BCH BL via BCH CHANNEL DR|550805|550690|550694|553371|550699|553372|550770|550771|550775|550776|550778|550781|550783|550785|550786|550788|550790|550792|550796|550798|550800|550804|550806|550807|550809|550812|553386|550818|550820|550821|550822|550823|550824|982150
MTABC_Q220653|Q22|FAR ROCKAWAY MOTT AV via ROCKAWAY BCH BL via BCH CHANNEL DR|550805|550690|550694|553371|550699|553372|550770|550771|550775|550776|550778|550781|550783|550785|550786|550788|550790|550792|550796|550798|550800|550804|550806|550807|550809|550812|553386|550818|550820|550821|550822|550823|550824|982150
MTABC_Q220654|Q22|FAR ROCKAWAY MOTT AV via ROCKAWAY BCH BL via BCH CHANNEL DR|982022|550690|550694|553371|550699|553372|550770|550771|550775|550776|550778|550781|550783|550785|550786|550788|550790|550792|550796|550798|550800|550804|550806|550807|550809|550812|553386|550818|550820|550821|550822|550823|550824|982150
MTABC_Q220656|Q22|FAR ROCKAWAY MOTT AV via ROCKAWAY BCH BL via BCH CHANNEL DR|550736|550690|550694|553371|550699|553372|550770|550771|550775|550776|550778|550781|550783|550785|550786|550788|550790|550792|550796|550798|550800|550804|550806|550807|550809|550812|553386|550818|550820|550821|550822|550823|550824|982150
MTABC_Q220657|Q22|B. 116 ST|552997|550797|550793|550791|550789|550787|550854|553367|550782|550780|550777|982112|550772|553368|553369|550732|553029|550695|550691|553389|982194
MTABC_Q220663|Q22|FAR ROCKAWAY MOTT AV via ROCKAWAY BCH BL via BCH CHANNEL DR|553388|552998|553106|550690|550694|553371|550699|553372|550770|550771|550775|550776|550778|550781|550783|550785|550786|550788|550790|550792|550796|550798|550800|550804|550806|550807|550809|550812|553386|550818|550820|550821|550822|550823|550824|982150
MTABC_Q220678|Q22|FAR ROCKAWAY MOTT AV via ROCKAWAY BCH BL via BCH CHANNEL DR|550737|550740|552908|550748|550752|550756|553047|550764|550767|552998|553106|550690|550694|553371|550699|553372|550770|550771|550775|550776|550778|550781|550783|550785|550786|550788|550790|550792|550796|550798|550800|550804|550806|550807|550809|550812|553386|550818|550820|550821|550822|550823|550824|982150
MTABC_Q230130|Q23|EAST ELMHURST DITMARS BL via 108 ST|553383|504273|504274|504275|504276|550880|550881|550882|550883|553046|550887|550889|550891|550892|550895|553168|550898|550900|550901|550902|550903|550904|550905|550906|550908|550909|503862|503491|503864|503865|550917|550918|550919|550921|550922|553222|550926|550927|550928|550929|550930|550931|550932|550933|550934|550935|550937|502580|503989|504485|982092
MTABC_Q230131|Q23|FOREST HILLS UNION TPK via 108 ST|502547|502548|502549|502550|550938|550936|550940|550941|550942|550943|550944|550945|550946|550947|982182|550925|550923|550920|553118|550950|503489|503490|503863|503492|550913|550910|550952|550907|550953|550954|550955|550956|551849|550899|550959|550896|550893|550961|550962|550963|550888|550886|550964|550965|553169|553341|982106
MTABC_Q230132|Q23|FOREST HILLS UNION TPK via 108 ST|550899|550959|550896|550893|550961|550962|550963|550888|550886|550964|550965|553169|553341|982106
MTABC_Q250200|Q25|ROOSEVELT AV|553292|551042|551043|551044|551045|551036|551046|551033|551031|551047|551028|551026|551024|551048|551021|551019|551008|553130|553177|551015|551013|553164|502254|551050
MTABC_Q250207|Q25|JAMAICA LIRR STA-AIRTRAIN via KISSENA BL via PARSONS BL|553292|551042|551043|551044|551045|551036|551046|551033|551031|551047|551028|551026|551024|551048|551021|551019|551008|553130|553177|551015|551013|553164|502254|551050|501370|501371|501372|501373|501374|504081|501377|501378|501379|501380|501382|502514|504483|551002|551000|551053|551054|550996|551055|551056|551057|551058|550989|553058|550985|551059|551060|551061|550978|550973|553127|553295|982095
MTABC_Q250208|Q25|JAMAICA LIRR STA-AIRTRAIN via KISSENA BL via PARSONS BL|551050|501370|501371|501372|501373|501374|504081|501377|501378|501379|501380|501382|502514|504483|551002|551000|551053|551054|550996|551055|551056|551057|551058|550989|553058|550985|551059|551060|551061|550978|550973|553127|553295|982095
MTABC_Q250209|Q25|LIMITED JAMAICA LIRR STA-AIRTRAIN via KISSENA BL|553292|551042|551043|551044|551045|551036|551046|551033|551031|551047|551028|551026|551024|551048|551021|551019|553130|553177|551015|553164|551050|501370|501372|504081|501379|501382|504483|551000|550996|550989|553058|551060|550978|553127|553295|982095
MTABC_Q250210|Q25|COLLEGE POINT 5 AV via KISSENA BL via 127 ST|553139|982183|553126|550972|553236|550980|550981|550982|550983|550984|550986|550987|550988|550991|550992|550993|550994|550997|550998|550999|551001|551003|551005|501353|501355|501356|501357|501358|501360|501361|501362|501363|501364|501365|551051|500994|553163|551012|551014|552832|552838|551018|551020|551022|551023|551025|551027|551029|551030|551032|551034|551035|551037|551038|982094
MTABC_Q250211|Q25|LIMITED COLLEGE POINT 5 AV via KISSENA BL|553139|982183|553126|553236|550983|550986|550988|550994|550999|551003|501353|501356|501360|501362|501365|551051|553163|551014|552832|552838|551018|551020|551022|551023|551025|551027|551029|551030|551032|551034|551035|551037|551038|982094
MTABC_Q290055|Q29|QUEENS BL|551063|551064|551065|551067|551069|551071|551073|551074|551076|551077|551078|551079|550467|504404
MTABC_Q290063|Q29|JACKSON HEIGHTS 82 ST STA|551063|551064|551065|551067|551069|551071|551073|551074|551076|551077|551078|551079|550467|504404|503644|551080|551081|551082|551083|551085|551086|551088|551090|551092|982164
MTABC_Q290071|Q29|GLENDALE MYRTLE AV|551093|551095|551091|551089|551087|551096|503481|551097|551098|551099|551100|552994|552993|550471|551104|551105|551106|551107|551075|551108|551072|551070|551110|551066|551111|551112|551113|982163
MTABC_Q330152|Q33|EAST ELMHURST - DITMARS BLVD via 83 ST|551114|503311|503312|503313|551115|551116|551117|551118|551119|551120|551121|551122|551123|551124|551125|503876|502540|502541|503856|982166
MTABC_Q330153|Q33|JACKSON HEIGHTS 74 ST-ROOSVLT AV STA via 82 ST|552017|551131|551130|551129|551132|553188|553189|550270|551133|551134|551135|551136|982046|503575|503576|503577|504090|503316|503317|982165
MTABC_Q340113|Q34|WHITESTONE 149 ST via KISSENA BL via WILLETS PT BL|551051|500994|553163|551138|551139|551140|551142|551143|501097|501098|501099|501100|501101|982096
MTABC_Q340149|Q34|WHITESTONE 149 ST via KISSENA BL via WILLETS PT BL|553139|982183|553126|550972|553236|550980|550981|550982|550983|550984|550986|550987|550988|550991|550992|550993|550994|550997|550998|550999|551001|551003|551005|501353|501355|501356|501357|501358|501360|501361|501362|501363|501364|501365|551051|500994|553163|551138|551139|551140|551142|551143|501097|501098|501099|501100|501101|982096
MTABC_Q340150|Q34|JAMAICA LIRR STA-AIRTRAIN via KISSENA BL via PARSONS BL|982077|501132|501133|501134|501135|501136|551144|551148|553224|551149|551013|553164|502254|551050|501370|501371|501372|501373|501374|504081|501377|501378|501379|501380|501382|502514|504483|551002|551000|551053|551054|550996|551055|551056|551057|551058|550989|553058|550985|551059|551060|551061|550978|550973|553127|553295|982095
MTABC_Q340151|Q34|ROOSEVELT AV|982077|501132|501133|501134|501135|501136|551144|551148|553224|551149|551013|553164|502254|551050
MTABC_Q350092|Q35|BROOKLYN COLL FLATBUSH AV STA via FLATBUSH AV|551172|552960|551174|551175|551176|551177|551178|551179|551180|551163|551181|551182|551159|551183|551184|551185|551155|551186|552961|550737|350015|350250|350009|350013|350011|303218|303222|303224|983013
MTABC_Q350112|Q35|ROCKAWAY PARK B.116 ST|350260|308557|303338|303341|350265|350012|350006|350249|982130|551151|550740|550741|551154|551156|551157|551158|551160|551161|551162|551164|551165|551166|551167|551168|551169|551170|551171|982131
MTABC_Q370158|Q37|KEW GARDENS UNION TPK STA via 111 ST|550072|551203|551205|551207|551211|551213|551215|551217|551219|551221|551223|504355|551226|553340|551230|553215|982161
MTABC_Q370220|Q37|S. OZONE PARK 135 AV via 111 ST via AQUEDUCT|551231|550350|551232|551233|551229|551227|551235|504348|551222|551220|551218|551216|551214|551212|551208|551206|551204|551236|553239|550079|551199|551238|550306|550133|551239|551240|551241|551242|551243|982193
MTABC_Q370221|Q37|KEW GARDENS UNION TPK STA via 111 ST via AQUEDUCT|982192|551187|551188|551189|551190|551191|550303|553240|551196|551198|551200|550131|553238|551203|551205|551207|551211|551213|551215|551217|551219|551221|551223|504355|551226|553340|551230|553215|982161
MTABC_Q370222|Q37|KEW GARDENS UNION TPK STA via 111 ST|982192|551187|551188|551189|551190|551191|550303|553240|551196|551198|551200|550131|551203|551205|551207|551211|551213|551215|551217|551219|551221|551223|504355|551226|553340|551230|553215|982161
MTABC_Q370223|Q37|S. OZONE PARK 135 AV via 111 ST|551231|550350|551232|551233|551229|551227|551235|504348|551222|551220|551218|551216|551214|551212|551208|551206|551204|551236|550079|551199|551238|550306|550133|551239|551240|551241|551242|551243|982193
MTABC_Q380072|Q38|CORONA OTIS AV - 60 AV via PENELOPE AV via ELIOT AV|551247|551248|551249|551250|551251|551252|551253|551257|551260|551261|551263|551264|551265|551266|551267|551269|551270|551271|551272|551273|551274|551275|551965|551277|504320|504322|504323|504439|551282|551283|551284|551286|551288|551290|551292|551294|551296|551297|551299|551301|551303|551304|551306|550467|503917|552995|551310|551312|551313|551314|551315|551316|551317|553183
MTABC_Q380114|Q38|REGO PARK 108 ST-62 DR via ELIOT AV via PENELOPE AV|502985|551319|551321|552964|551322|551323|551325|551311|982062|552994|552993|551305|551328|551302|551300|551298|551329|551295|551293|551291|551289|551287|551285|551330|552991|504259|504448|504260|551334|503725|504261|551278|551335|551336|551337|551338|551339|551340|551341|551342|551268|551343|551344|551346|551347|551262|551259|551255|552966|551349|551351|551352|551354|551356|982097
MTABC_Q380115|Q38|REGO PARK 108 ST-62 DR via ELIOT AV via PENELOPE AV|552993|551305|551328|551302|551300|551298|551329|551295|551293|551291|551289|551287|551285|551330|552991|504259|504448|504260|551334|503725|504261|551278|551335|551336|551337|551338|551339|551340|551341|551342|551268|551343|551344|551346|551347|551262|551259|551255|552966|551349|551351|551352|551354|551356|982097
MTABC_Q390164|Q39|RIDGEWOOD COOPER AV|550742|504526|553007|553172|553173|551363|551364|551365|551367|551369|551370|551371|551372|551373|551375|551376|551377|503627|551380|551382|551385|551387|551389|551391|553051|503750|503740|551398|551400|503540|503541|551402|551403|551404|551406|551408|504125|504126|551410|551412|551414|551416|551417|551419|503641|982167
MTABC_Q390166|Q39|LI CITY QUEENS PLZ|551420|551421|551418|551415|551413|551411|551422|504110|551409|551407|551405|551423|551424|551425|503462|551401|551399|503640|504072|503741|553052|553290|553253|551390|551388|551386|551383|551384|503991|503628|551430|551431|551432|551374|551433|551434|551435|551436|551368|551366|553054|551437|550653|551359|551441|553033|982098
MTABC_Q400137|Q40|JAMAICA HILLSIDE AV via SUTPHIN BL|553246|553248|553249|550117|551449|551451|551452|551454|551456|551458|551460|551462|551464|551465|551466|551468|551470|550027|550028|550030|553278|502030|502031|551473
MTABC_Q400164|Q40|SOUTH JAMAICA 135 AV via 142 ST|551474|505231|502139|550040|550041|550042|551471|551469|551467|551475|551463|551461|551459|551457|551455|551453|551476|551450|551477|551478|551479|553250
MTABC_Q410296|Q41|LAFAYETTE ST|551528|550035|553159|550036|502145|550039|982057|504204|503667|503666|551520|551517|551515|551531|551532|551533|553259|553260|553261|553262|553263|553264|551495|551540|550136|550137|550138|550431|552970|550427|550425|550234
MTABC_Q410297|Q41|JAMAICA 165 ST TERMINAL|551529|550426|550428|550430|553297|550071|550072|550235|550074|553044|553045|553265|553266|553267|553268|553269|553270|553271|551512|551513|551514|551516|551518|551519|503665|505165|503668|551525|551527|553278|553131|553132|553133|553134|503674|982152
MTABC_Q410298|Q41|JAMAICA 165 ST TERMINAL|550072|550235|550074|553044|553045|553265|553266|553267|553268|553269|553270|553271|551512|551513|551514|551516|551518|551519|503665|505165|503668|551525|551527|553278|553131|553132|553133|553134|503674|982152
MTABC_Q410299|Q41|JAMAICA 165 ST TERMINAL|550235|550074|553044|553045|553265|553266|553267|553268|553269|553270|553271|551512|551513|551514|551516|551518|551519|503665|505165|503668|551525|551527|553278|553131|553132|553133|553134|503674|982152
MTABC_Q410303|Q41|HOWARD BEACH 164 AV|551528|550035|553159|550036|502145|550039|982057|504204|503667|503666|551520|551517|551515|551531|551532|551533|553259|553260|553261|553262|553263|553264|551495|551540|550136|550137|550138|550431|552970|550427|550425|550485|550486|550488|550490|550492|550494|550496|982208|550423|550421|550417|551482|551483|551484|551485|551486|551488|551489|551490|551491|551492
MTABC_Q410304|Q41|HOWARD BEACH 164 AV|550138|550431|552970|550427|550425|550485|550486|550488|550490|550492|550494|550496|982208|550423|550421|550417|551482
MTABC_Q410305|Q41|HOWARD BEACH 164 AV|551528|550035|553159|550036|502145|550039|982057|504204|503667|503666|551520|551517|551515|551531|551532|551533|553259|553260|553261|553262|553263|553264|551495|551540|550136|550137|550138|550431|552970|550427|550425|550485|550486|550488|550490|550492|550494|550496|982208|550423|550421|550417|551482
MTABC_Q410306|Q41|HOWARD BEACH 164 AV|551528|550035|553159|550036|502145|550039|982057|504204|503667|503666|551520|551517|551515|551531|551532|551533|553259|553260|553261|553262|553263|553264|551495|551540|550136|550137|550138|550431|552970|550427|550425|550485|550486|550488|550490|550492|550494|550496|982208|550423|550421|550417|551482
MTABC_Q410315|Q41|JAMAICA 165 ST TERMINAL|551482|551483|551484|551485|551486|551488|551489|551490|551491|551492|982212|550497|553089|550723|550493|550491|550489|550487|550725|550424|550426|550428|550430|553297|550071|550072|550235|550074|553044|553045|553265|553266|553267|553268|553269|553270|553271|551512|551513|551514|551516|551518|551519|503665|505165|503668|982206|982207|553278|553131|553132|553133|553134|503674|982152
MTABC_Q470192|Q47|JACKSON HEIGHTS 74 ST-ROOSVLT AV STA|503853|503854|503855|550724|551595|551602|982082|551590|551603|551604|551605|551606|551607|551608|922237|982009|551580
MTABC_Q470252|Q47|MARINE AIR TERMINAL A|505192|553059|550655|553254|551583|551584|551585|551586|551589|551591|551593|551594|503874|551596|904150|982170
MTABC_Q470257|Q47|GLENDALE ATLAS PK MALL|503853|503854|503855|550724|551595|551602|982082|551590|551603|551604|551605|551606|551607|551608|922237|982009|551580|503320|551575|551573|551570|551571|551567|550564|551564|551562|551558|551556|551577|551553|551551|551549|551547|551545|553197|553198|553199|553200|551072|551070|551110|982169
MTABC_Q470258|Q47|GLENDALE ATLAS PK MALL|550724|551595|551602|982082|551590|551603|551604|551605|551606|551607|551608|922237|982009|551580|503320|551575|551573|551570|551571|551567|550564|551564|551562|551558|551556|551577|551553|551551|551549|551547|551545|553197|553198|553199|553200|551072|551070|551110|982169
MTABC_Q470262|Q47|MARINE AIR TERMINAL A|553201|551065|551067|551069|551071|553202|553203|553204|553205|551544|551546|551548|551550|551552|551554|551555|551557|551561|550588|551565|553406|551569|551572|551574|503310|505192|553059|550655|553254|551583|551584|551585|551586|551589|551591|551593|551594|503874|551596|904150|982170
MTABC_Q470263|Q47|MARINE AIR TERMINAL A|553201|551065|551067|551069|551071|553202|553203|553204|553205|551544|551546|551548|551550|551552|551554|551555|551557|551561|550588|551565|553406|551569|551572|551574|503310|505192|553059|550655|553254|551583|551584|551585|551586|551589|551591|553412|551593|551594|503874|551596|904150|982170
MTABC_Q470266|Q47|GLENDALE ATLAS PK MALL|503853|503854|503855|550724|551595|551602|553412|982082|551590|551603|551604|551605|551606|551607|551608|922237|982009|551580|503320|551575|551573|551570|551571|551567|550564|551564|551562|551558|551556|551577|551553|551551|551549|551547|551545|553197|553198|553199|553200|551072|551070|551110|982169
MTABC_Q490140|Q49|JACKSON HEIGHTS 74 ST-ROOSVLT AV STA|550641|550639|550637|550635|550633|553112|553067|552953|553068|553111|553069|553110|553070|553109|553114|550665|550663|550661|553064|553062|982009|982171
MTABC_Q490142|Q49|JACKSON HEIGHTS 74 ST-ROOSVLT AV STA|553112|553067|552953|553068|553111|553069|553110|553070|553109|553114|550665|550663|550661|553064|553062|982009|982171
MTABC_Q490145|Q49|EAST ELMHURST 102 ST via 89 ST|552999|553059|550655|553061|553063|550660|550662|550664|550666|550667|550668|550669|553065|553025|553066|550628|550630|550632|550634|550636|550638|550640|982172
MTABC_Q500085|Q50|LIMITED PELHAM BAY STA|103767|103374|100294|100296|100298|150139
MTABC_Q500098|Q50|LIMITED CO-OP CITY EARHART LA|503845|500994|553163|551014|552504|552505|103767|103374|100294|100296|100298|103473|150139|104067|101716|101717|101718|150165|101723|101724|101725|103063|103537|101729|101730|101731|984017
MTABC_Q500108|Q50|LIMITED FLUSHING MAIN ST STA|101734|101735|103676|101737|101738|103538|103279|101743|101744|101745|150166|101750|101751|101752|150141|150138|100322|100325|100328|150036|103395|552506|553438|551017|551015|553164|502254|505227
MTABC_Q600238|Q60|S. JAMAICA 109 AV via QUEENS BL|450338|505158|503293|503295|503296|503298|503299|503300|551617|551618|551621|551622|551624|551626|551628|553407|551634|553037|551638|551640|551641|504398|504400|504401|551644|551645|553410|551649|551651|551653|551654|551656|551657|551658|551660|551661|551663|551664|502490|550378|551669|505009|505010|505032|551676|551678|503404|550038|550040|550041|550042|550043|551684|551686|551687
MTABC_Q600239|Q60|JAMAICA ARCHER AV via QUEENS BL|450338|505158|503293|503295|503296|503298|503299|503300|551617|551618|551621|551622|551624|551626|551628|553407|551634|553037|551638|551640|551641|504398|504400|504401|551644|551645|553410|551649|551651|551653|551654|551656|551657|551658|551660|551661|551663|551664|502490|550378|551669|505009|505010|505032|551676|551678|503404|550038
MTABC_Q600245|Q60|EAST MIDTOWN 2 AV via QUEENS BL|551688|550024|550025|550027|550028|550030|550031|504198|551679|504999|505000|551671|551691|551668|551666|551578|551692|551662|551693|551659|551694|551695|551655|551699|551652|551700|551646|504403|504404|551642|553424|551702|551703|551705|551633|551631|551629|551627|551625|553305|551706|551619|505097|503331|503333|503334|503335|503336|503337|503338|504458|503340|981016
MTABC_Q600246|Q60|EAST MIDTOWN 2 AV via QUEENS BL|550031|504198|551679|504999|505000|551671|551691|551668|551666|551578|551692|551662|551693|551659|551694|551695|551655|551699|551652|551700|551646|504403|504404|551642|553424|551702|551703|551705|551633|551631|551629|551627|551625|553305|551706|551619|505097|503331|503333|503334|503335|503336|503337|503338|504458|503340|981016
MTABC_Q640095|Q64|FOREST HILLS 71 AV STA via JEWEL AV via 69 RD|551840|551841|551843|551844|551834|551831|551829|551827|551825|551823|551821|551819|551817|551847|551848|550957|982087
MTABC_Q640096|Q64|ELECTCHESTER 164 ST via JEWEL AV|551849|551810|551811|551812|551813|551816|551818|551820|551822|551824|551826|551828|551830|551832|551833|551836|551837|551838|551839|982088
MTABC_Q640098|Q64|FOREST HILLS 71 AV STA via JEWEL AV via 69 RD|551843|551844|551834|551831|551829|551827|551825|551823|551821|551819|551817|551847|551848|550957|982087
MTABC_Q640100|Q64|FOREST HILLS 71 AV STA via JEWEL AV via 69 RD|551840|551841|551843|551844|551834|551831|551829|551827|551825|551823|551821|551819|551817|551847|551848|550957|982087
MTABC_Q640101|Q64|ELECTCHESTER 164 ST via JEWEL AV|551849|551810|551811|551812|551813|551816|551818|551820|551822|551824|551826|551828|551830|551832|551833|551836|551837|551838|551839|982088
MTABC_Q650235|Q65|LIMITED JAMAICA LIRR STA-AIRTRAIN via 164 ST|551784|551785|551786|551787|551788|551789|505022|551776|551772|551770|552965|553300|551765|552979|501367|553117|551794|551797|551745|551798|551738|551730|551803|551721|551807|552365|553127|553295|982095
MTABC_Q650237|Q65|JAMAICA LIRR STA-AIRTRAIN via 164 ST|551719|551807|553048|551808|551809|551712|551710|552365|553127|553295|982095
MTABC_Q650240|Q65|LIMITED COLLEGE POINT 110 ST via 164 ST via COLLEGE PT BL|553139|982183|553126|553236|551709|551717|551720|551725|551729|551737|551743|551744|551754|500932|501365|551051|551764|553301|551766|551769|551771|505019|505020|982078|982079|982080|982081
MTABC_Q650241|Q65|GOETHALS AV|553139|982183|553126|550972|553236|551709|551711|551713|551714|551717|551718
MTABC_Q650242|Q65|ROOSEVELT AV|553139|982183|553126|550972|553236|551709|551711|551713|551714|551717|551718|551720|551722|551723|551724|551725|551726|551729|551733|551735|551737|551739|551740|551742|553042|551743|551744|551748|551750|551752|551754|551757|551758|500932|501365|551051
MTABC_Q650248|Q65|COLLEGE PT 110 ST via 164 ST via COLLEGE PT BL|551051|500994|551762|982221|551763|551764|553301|551766|551767|551769|551771|505019|505020|982078|982079|982080|982081
MTABC_Q650249|Q65|COLLEGE PT 110 ST via 164 ST via COLLEGE PT BL|553139|982183|553126|550972|553236|551709|551711|551713|551714|551717|551718|551720|551722|551723|551724|551725|551726|551729|551733|551735|551737|551739|551740|551742|553042|551743|551744|551748|551750|551752|551754|551757|551758|500932|501365|551051|500994|551762|982221|551763|551764|553301|551766|551767|551769|551771|505019|505020|982078|982079|982080|982081
MTABC_Q650250|Q65|JAMAICA LIRR STA-AIRTRAIN via 164 ST|551784|551785|551786|551787|551788|551789|505022|551776|551772|551770|551768|552965|553300|551765|552979|551793|502254|501367|553117|551794|551795|551796|551797|551753|551751|551749|551745|551798|551799|551800|551741|551801|551802|551738|551736|551734|551730|551728|551803|551804|551805|551806|551721|551719|551807|553048|551808|551809|551712|551710|552365|553127|553295|982095
MTABC_Q650251|Q65|ROOSEVELT AV|551784|551785|551786|551787|551788|551789|505022|551776|551772|551770|551768|552965|553300|551765|552979|551793|502254|501367
MTABC_Q660199|Q66|FLUSHING MAIN ST STA via NORTHERN BL|505066|550659|550670|550676|550680|551851|551852|553154|551857|551859|551860|551856|551861|551864|551867|551870|551874|551878|551881|552515|551886|551888|551890|551892|551893|551897|552981|551901|551761|505227
MTABC_Q660202|Q66|FLUSHING MAIN ST STA via NORTHERN BL|551856|551861|551864|551867|551870|551874|551878|551881|552515|551886|551888|551890|551892|551893|551897|552981|551901|551761|505227
MTABC_Q660205|Q66|FLUSHING MAIN ST STA via NORTHERN BL|551874|551878|551881|552515|551886|551888|551890|551892|551893|551897|552981|551901|551761|505227
MTABC_Q660206|Q66|FLUSHING MAIN ST STA via NORTHERN BL|551878|551881|552515|551886|551888|551890|551892|551893|551897|552981|551901|551761|505227
MTABC_Q660209|Q66|LI CITY QUEENS PLZ via NORTHERN BL|503845|500994|551900|551898|551894|551907|551909|551887|551911|551912|551914|551879|551875|551871|551916|960242|553024|551919|551920|551921|551858|551855|551853|551922|550681|550677|550671|550739|553033|982098
MTABC_Q660210|Q66|WOODSIDE 51 ST via NORTHERN BL|503845|500994|551900|551898|551894|551907|551909|551887|551911|551912|551914|551879|551875|551871|551916|960242|553024|551919
MTABC_Q670098|Q67|MIDDLE VILLAGE FRESH POND RD|504549|553193|504526|550653|550654|551923|551925|551926|551928|551930|551932|551934|551936|551938|551940|553303|503832|551944|551945|551947|551388|551949|551950|550573|553176|551951|551952|551953|551955|551957|551959|551961|551963|551964|551965|551277|504320|504322|504323|504439|504324
MTABC_Q670099|Q67|LI CITY QUEENS PLZ|504259|504448|504260|551334|503725|504261|551278|551335|551969|551970|551962|551960|551958|551956|553002|553211|553212|550575|550584|551973|551974|551975|551976|551387|551946|551977|551978|505168|505075|551980|551981|551982|551983|551939|551984|551937|551935|551933|551931|982058|551927|551986|553171|553172|553173|982099
MTABC_Q690134|Q69|LI CITY QUEENS PLZ via DITMARS BL via 21 ST|550624|550621|553116|550726|550727|550728|552972|553093|553094|550714|550712|550710|552547|553098|550707|553099|553100|552956|553101|553125|553102|550697|553103|550693|553105|550689|552954|550685|553107|550683|550681|550679|550677|550675|550673|550671|550739|553033|982098
MTABC_Q690135|Q69|JACKSON HEIGHTS 82 ST via 21 ST via DITMARS BL|550742|550653|550654|553060|550657|550658|550659|550670|550672|550674|550676|550678|550680|550682|553040|550686|550687|550688|552959|550692|553074|553028|553026|553075|553076|553077|553078|553079|553080|550706|550010|550709|553082|553083|553084|553085|553086|553087|550720|552963|550722|553090|503855|550724|982173
MTABC_Q720122|Q72|REGO PARK 63 DR-QUEENS BL via JUNCTION BL|551131|551130|552018|552019|552020|552021|552022|552023|552024|552008|552006|552004|552002|552000|551998|552025|551995|552026|551993|551991|502868|553122|552027|553275
MTABC_Q720123|Q72|EAST ELMHURST DITMARS BL via JUNCTION BL|551987|551989|551990|551992|551994|551996|551997|551999|552001|552003|552005|552007|552009|552010|552011|552012|552013|552014|552015|504023|504024
MTABC_Q720157|Q72|REGO PARK 63 DR-QUEENS BL via JUNCTION BL|503848|904242|551131|551130|552018|552019|552020|552021|552022|552023|552024|552008|552006|552004|552002|552000|551998|552025|551995|552026|551993|551991|502868|553122|552027|553275
MTABC_Q720158|Q72|LAGUARDIA AIRPORT TERMINALS D-C-B via JUNCTION BL|551987|551989|551990|551992|551994|551996|551997|551999|552001|552003|552005|552007|552009|552010|552011|552012|552013|552014|552015|504023|504024|904246|503848
MTABC_Q720159|Q72|LAGUARDIA AIRPORT TERMINALS D-C-B via JUNCTION BL|504024|904246|503848
MTABC_QM100149|QM10|REGO PARK LEFRAK CITY|401840|450552|401844|450066|450013|450016|450022|450376|450031|981010|553178|552966|552674|551352|553210|550909|502984|551319|552672|551323|551325|551991
MTABC_QM100150|QM10|MIDTOWN 57 ST via 6 AV|552674|551352|553210|550909|502984|551319|552672|551323|551325|551311|552994|550470|401840|450552|401844|450066|450013|450016|450022|450376|450031|981010
MTABC_QM10133|QM1|FRESH MEADOWS 188 ST via UNION TPK|450012|450015|450019|450021|400742|450224|981010|552507|502304|552510|502307|502309|552519|552521|501402|501337|501338|501339
MTABC_QM10146|QM1|MIDTOWN 57 ST via 6 AV|982073|501398|501399|501401|501336|982213|552520|502406|502408|552511|503037|552508|401840|450552|401844|450012|450015|450019|450021|400742|450224|981010
MTABC_QM110113|QM11|REGO PARK LEFRAK CITY|403293|450331|405337|405399|450203|405256|450378|405060|401165|402085|553178|551645|551651|551693|551695|552966|552674|551352|553210|550909|502984|551319|552672|551323|551325|551991
MTABC_QM110114|QM11|DOWNTOWN LOOP via WATER ST via CHURCH ST|551693|551695|551652|552966|552674|551352|553210|550909|502984|551319|552672|551323|551325|551311|552994|550470|403293|450331|405337|405399|450203|405256|450378|405060|401165|402085
MTABC_QM120196|QM12|MIDTOWN 57 ST via 6 AV|553342|553383|550454|552940|552949|552948|552945|552946|552941|552938|552936|552934|551248|551251|550470|401840|450552|401844|450066|450013|450016|450022|450376|450031|981010
MTABC_QM120197|QM12|FOREST HILLS UNION TPK via YELLOWSTONE BL|401840|450552|401844|450066|450013|450016|450022|450376|450031|981010|553178|502871|552932|552933|552935|552937|552939|552942|552951|550960|552944|552947|552950|552943|504274|504276|982106
MTABC_QM150152|QM15|MIDTOWN 57 ST via 6 AV|550499|550497|550723|550491|550487|550725|550426|553352|553346|550435|553349|550449|550453|550454|550462|550466|981015|450553|401844|450417|450017|450023|450377|450032|450030
MTABC_QM150153|QM15|MIDTOWN 57 ST via 6 AV|553137|553135|550499|550497|550723|550491|550487|550725|550426|553352|553346|550435|553349|550449|550453|550454|550462|550466|981015|450553|401844|450417|450017|450023|450377|450032|450030
MTABC_QM150154|QM15|LINDENWOOD CROSS BAY BL via WOODHAVN BL|981015|450553|401844|450417|450017|450023|450377|450032|450030|550471|550473|553141|550480|550450|553353|550436|553160|553142|550427|550485|550486|550490|550494|550496|553296
MTABC_QM150155|QM15|HOWARD BEACH 102 ST via WOODHAVEN BL|981015|450553|401844|450417|450017|450023|450377|450032|450030|550471|550473|553141|550480|550450|553353|550436|553160|553142|550427|550485|550486|550490|550494|550496|553296|553136|982153
MTABC_QM160107|QM16|MIDTOWN 57 ST via 6 AV|553113|982216|550748|550754|550762|550765|552998|553371|553372|553027|553364|982137|553190|981015|450553|401844|450417|450017|450023|450377|450032|450030
MTABC_QM160108|QM16|NEPONSIT RIIS PARK via CROSS BAY BL via ROCK BCH BL|981015|450553|401844|450417|450017|450023|450377|450032|450030|550423|550417|550713|553379|553369|550695|550735|550766|550859|550755|550749|982215|982154
MTABC_QM170106|QM17|MIDTOWN 57 ST via 6 AV|550846|550847|550849|550851|550819|550817|550852|553031|550797|550789|550780|982141|553027|553364|982137|553190|981015|450553|401844|450417|450017|450023|450377|450032|450030
MTABC_QM170107|QM17|FAR ROCKAWAY B. 21 ST via CROSS BAY BL via BCH CHANNEL DR|981015|450553|401844|450417|450017|450023|450377|450032|450030|550423|550417|550713|553379|550770|550778|550788|550796|550804|550809|550816|550818|550820|550822|552708|982150
MTABC_QM180076|QM18|S. OZONE PK 130 ST via LEFFERTS BL|981015|450553|401844|450417|450017|450023|450377|450032|450030|551645|551649|551656|551657|551658|551661|502490|552822|550346|550344|550336|550354|550324|550320|550314|553307|550133|551240|551242|553221
MTABC_QM180077|QM18|MIDTOWN 57 ST via 6 AV|550293|551187|551188|551190|550303|550309|550313|550319|550323|550329|550335|550343|550345|551691|551578|551662|551659|551694|551695|551652|551646|981015|450553|401844|450417|450017|450023|450377|450032|450030
MTABC_QM200139|QM20|SUPER EXPRESS BAY TERRACE 211 ST via WILLETS PT BL via CLEARVIEW|450392|552504|982060|551142|551143|501097|501100|551145|552928|501262|501264|501265|501273|504527|501275|501276|501279|552667|503720|501741|501743
MTABC_QM200140|QM20|BAY TERRACE 211 ST via WILLETS PT BL via CLEARVIEW|450392|450014|450018|450020|450024|402377|402379|552504|982060|551142|551143|501097|501100|551145|552928|501262|501264|501265|501273|504527|501275|501276|501279|552667|503720|501741|501743
MTABC_QM200142|QM20|MIDTOWN 57 ST via 6 AV|982069|503721|552668|501250|501252|501253|501254|501255|501256|501285|501286|552929|552931|552927|551146|501133|501136|551144|551148|552671|552503|401840|401842|401844|450392|450014|450018|450020|450024|450033|981010
MTABC_QM200143|QM20|MIDTOWN 57 ST via 6 AV|982069|503721|552668|501250|501252|501253|501254|501255|501256|501285|501286|552929|552931|552927|551146|501133|501136|551144|551148|552671|552503|401840|450552|401844|450392|450014|450018|450020|450024|450033|981010
MTABC_QM20188|QM2|SUPER EXPRESS BAY TERRACE BELL BL via WHITESTONE EXY|450392|552504|552926|552505|552924|502728|501172|552548|552907|552549|501267|501269|501044|501046|501047|552984|503149|503148|552553|552665
MTABC_QM20241|QM2|BAY TERRACE BELL BL via WHITESTONE EXY via BAYSIDE|450392|450014|450018|450020|450024|402377|402379|552504|552926|552505|552924|502728|501172|552548|552907|552549|501267|501269|501044|501046|501047|552984|503149|503148|552553|552665
MTABC_QM20242|QM2|BAY TERRACE BELL BL via MITCHELL GDNS via BAYSIDE|450392|450014|450018|450020|450024|402377|402379|552504|551150|551142|551143|501097|503551|503290|502728|501172|552548|552907|552549|501267|501269|501044|501046|501047|552984|503149|503148|552553|552665
MTABC_QM20246|QM2|MIDTOWN 57 ST via 6 AV|552984|503149|503148|552553|552665|503221|501282|501284|501184|501189|552709|501198|502724|552925|552506|552503|401840|401842|401844|450392|450014|450018|450020|450024|450033|981010
MTABC_QM20248|QM2|MIDTOWN 57 ST via 6 AV|552984|503149|503148|552553|552665|503221|501282|501284|501184|501189|552709|501198|502724|552925|552506|552503|401840|450552|401844|450392|450014|450018|450020|450024|450033|981010
MTABC_QM20249|QM2|MIDTOWN 57 ST via 6 AV|552984|503149|503148|552553|552665|503221|501282|501284|501184|501189|552709|501198|502724|502434|505037|501136|551144|551148|552671|552503|401840|450552|401844|450392|450014|450018|450020|450024|450033|981010
MTABC_QM210043|QM21|ROCHDALE VILLAGE via BREWER BL|450078|450081|450038|450039|450098|450041|450042|450034|450030|551669|551670|550263|550265|552337|500637|500638|500639|500640|552551|552322|552328
MTABC_QM210044|QM21|MIDTOWN 57 ST via MADISON AV|500637|500638|500639|500640|552551|552322|552328|552336|550279|550281|551671|551691|450078|450081|450038|450039|450098|450041|450042|450034|450030
MTABC_QM240108|QM24|GLENDALE 73 ST via ELIOT AV|401840|450552|401844|450066|450013|450016|450022|450376|450031|981010|551305|551328|551300|551329|551293|551287|552991|503542|982198|503545|504127|504130|504333|504500|982185|982184
MTABC_QM240109|QM24|MIDTOWN 57 ST via 6 AV|504366|505246|504369|504372|504374|504105|503456|982197|505251|551282|551286|551292|551296|551299|551303|551304|401840|450552|401844|450066|450013|450016|450022|450376|450031|981010
MTABC_QM250107|QM25|DOWNTOWN LOOP via WATER ST via CHURCH ST|504366|505246|504369|504372|504374|504105|503456|982197|505251|551282|551286|551292|551296|551299|551303|551304|403293|450331|405337|405399|450203|405256|450378|405060|401165|402085
MTABC_QM250112|QM25|GLENDALE 73 ST via ELIOT AV|403293|450331|405337|405399|450203|405256|450378|405060|401165|402085|551305|551328|551300|551329|551293|551287|552991|503542|982198|503545|504127|504130|504333|504500|982185|982184
MTABC_QM30051|QM3|LITTLE NECK L. NECK PKY via NORTHERN BLVD|450011|450014|450018|450020|450024|402377|402379|551868|551882|500997|500999|501005|501008|500863|500867|500869|500871|500874|500877|500879|500881|500882|552903|500889|500891|500968|501470
MTABC_QM30054|QM3|MIDTOWN 57 ST via 6 AV|500955|500958|500895|500896|500899|500902|500904|500905|500907|500910|500913|500915|500917|500920|501075|501077|501083|501085|401840|450552|401844|450011|450014|450018|450020|450024|450033|981010
MTABC_QM310021|QM31|FRESH MEADOWS 188 ST via UNION TPK|450001|450004|403640|404169|552507|502304|552510|502307|502309|552519|552521|501402|501337|501338|501339
MTABC_QM310033|QM31|EAST MIDTOWN 55 ST via 3 AVE|982073|501398|501399|501401|501336|982213|552520|502406|502408|552511|503037|552508|450001|450004|403640|404169
MTABC_QM320022|QM32|BAY TERRACE BELL BL via WHITESTONE EXP via BAYSIDE|402678|450005|403640|404169|552504|552926|552505|552924|502728|501172|552548|552907|552549|501267|501269|501044|501046|501047|552984|503149|503148|552553|552665
MTABC_QM320023|QM32|EAST MIDTOWN 55 ST via 3 AVE|552984|503149|503148|552553|552665|503221|501282|501284|501184|501189|552709|501198|502724|552925|552506|552503|402678|450005|403640|404169
MTABC_QM340045|QM34|EAST MIDTOWN 55 ST via 3 AV|504366|505246|504369|504372|504374|504105|503456|982197|505251|551282|551286|551292|551296|551299|551303|551304|450002|450005|450006|405403
MTABC_QM340047|QM34|GLENDALE 73 ST via ELIOT AVE|450002|450005|450006|405403|551305|551328|551300|551329|551293|551287|552991|503542|982198|503545|504127|504130|504333|504500|982185|982184
MTABC_QM350021|QM35|GLEN OAKS 260 ST via H HRDNG EXY|450001|450004|403640|404169|552507|502304|552510|502307|502309|552519|552521|501402|501337|502624|502627|502631|502632|502633|502634|501661|501662|501663|501623|501456|501457|504995|501460|552712|501462|501463|501465|501466|501467|553179|500973|500975|500976|500977|502361|502363|502364|502371
MTABC_QM350035|QM35|EAST MIDTOWN 55 ST via 3 AV|502345|502347|502348|552669|500951|500952|552827|500954|501470|501475|552713|552715|552923|501483|501665|501626|501627|502648|502649|502650|502651|502654|502657|501401|501336|982213|552520|502406|502408|552511|503037|552508|450001|450004|403640|404169
MTABC_QM350036|QM35|EAST MIDTOWN 55 ST via 3 AV|502345|502347|502348|552669|500951|500952|552827|500954|501470|501475|552713|552715|552923|501483|501665|501626|501627|502648|502649|502650|502651|502654|502657|501398|501399|501401|501336|982213|552520|502406|502408|552511|503037|552508|450001|450004|403640|404169
MTABC_QM360019|QM36|LAKE SUCCESS N. SHORE TOWERS via UNION TPK|450001|450004|403640|404169|552507|502304|552510|502307|502309|552519|552521|502319|502325|502327|502332|502335|502337|503588|503033|502350|502352|504553|552825|552896
MTABC_QM360024|QM36|EAST MIDTOWN 55 ST via 3 AV|552896|552824|505093|502369|502371|502374|503684|502380|502381|502384|502389|502391|502397|982213|552520|502406|502408|552511|503037|552508|450001|450004|403640|404169
MTABC_QM400002|QM40|EAST MIDTOWN 55 ST via 3 AV|552674|551352|553210|550909|502984|551319|552672|551323|551325|551311|552994|550470|450002|450005|450006|405403
MTABC_QM400030|QM40|REGO PARK LEFRAK CITY|450002|450005|450006|405403|553178|552966|552674|551352|553210|550909|502984|551319|552672|551323|551325|551991
MTABC_QM40135|QM4|ELECTCHESTER 164 ST via JEWEL AV|450011|450014|450018|450020|450024|450033|450030|552821|551811|551812|551813|551816|551818|551820|551824|551828|551832|551845|551729|551733|553148
MTABC_QM40143|QM4|MIDTOWN 57 ST via 6 AV|551738|551732|551841|551843|551834|551829|551825|551821|551819|551847|551848|552678|552679|401840|450552|401844|450011|450014|450018|450020|450024|450033|450030
MTABC_QM420069|QM42|EAST MIDTOWN 55 ST via 3 AV|553342|553383|550454|552940|552949|552948|552945|552946|552941|552938|552936|552934|551248|551251|550470|450002|450005|450006|405403
MTABC_QM420070|QM42|FOREST HILLS UNION TPK via YELLOWSTONE BL|450002|450005|450006|405403|553178|502871|552932|552933|552935|552937|552939|552942|552951|550960|552944|552947|552950|552943|504274|504276|982106
MTABC_QM440022|QM44|East Midtown 55 St via 3 Av|551738|551732|551841|551843|551834|551829|551825|551821|551819|551847|551848|552678|552679|402678|450004|403640|404169
MTABC_QM440030|QM44|Electchester 164 St via Jewel Av|402678|450004|403640|404169|552821|551811|551812|551813|551816|551818|551820|551824|551828|551832|551845|551729|551733|553148
MTABC_QM50218|QM5|GLEN OAKS 260 ST via FRESH MEADOWS|450012|450015|450019|450021|400742|450224|981010|552507|502304|552510|502307|502309|552519|552521|501402|501337|501338|501398|502624|502627|502631|502632|502633|502634|501661|501662|501663|501623|501456|501457|504995|501460|552712|501462|501463|501465|501466|501467|553179|500973|500975|500976|500977|502361|502363|502364|502371
MTABC_QM50219|QM5|GLEN OAKS 260 ST via H HRDNG EXY|450012|450015|450019|450021|400742|450224|981010|552507|502304|552510|502307|502309|552519|552521|501402|501337|502624|502627|502631|502632|502633|502634|501661|501662|501663|501623|501456|501457|504995|501460|552712|501462|501463|501465|501466|501467|553179|500973|500975|500976|500977|502361|502363|502364|502371
MTABC_QM50232|QM5|SUPER EXPRESS GLEN OAKS 260 ST via FRESH MEADOWS|450012|552507|502304|552510|502307|502309|552519|552521|501402|501337|501398|502624|502627|502631|502632|502633|502634|501661|501662|501663|501623|501456|501457|504995|501460|552712|501462|501463|501465|501466|501467|553179|500973|500975|500976|500977|502361|502363|502364|502371
MTABC_QM50242|QM5|MIDTOWN 57 ST via 6 AV|502345|502347|502348|552669|500951|500952|552827|500954|501470|501475|552713|552715|552923|501483|501665|501626|501627|502648|502649|502650|502651|502654|502657|501398|501399|501401|501336|982213|552520|502406|502408|552511|503037|552508|401840|450552|401844|450012|450015|450019|450021|400742|450224|981010
MTABC_QM50243|QM5|MIDTOWN 57 ST via 6 AV|502345|502347|502348|552669|500951|500952|552827|500954|501470|501475|552713|552715|552923|501483|501665|501626|501627|502648|502649|502650|502651|502654|502657|501401|501336|982213|552520|502406|502408|552511|503037|552508|401840|450552|401844|450012|450015|450019|450021|400742|450224|981010
MTABC_QM60141|QM6|LAKE SUCCESS N. SHORE TOWERS via UNION TPK|450453|450015|450019|450021|400742|450224|981010|552507|502304|552510|502307|502309|552519|552521|502319|502325|502327|502332|502335|502337|503588|503033|502350|502352|504553|552825|982146
MTABC_QM60149|QM6|MIDTOWN 57 ST via 6 AV|552896|552824|505093|502369|502371|502374|503684|502380|502381|502384|502389|502391|502397|982213|552520|502406|502408|552511|503037|552508|401840|450552|401844|450453|450015|450019|450021|400742|450224|981010
MTABC_QM70083|QM7|FRESH MEADOWS 188 ST via UNION TPK|403293|401800|405337|405399|450203|405256|450378|405060|401165|402085|552507|502304|552510|502307|502309|552519|552521|501402|501337|501338|501339
MTABC_QM70090|QM7|DOWNTOWN LOOP via CHURCH ST via WATER ST|501398|501399|501401|501336|982214|552520|502406|502408|552511|503037|552508|403293|401800|405337|405399|450203|405256|450378|405060|401165|402085
MTABC_QM80083|QM8|SUPER EXPRESS GLEN OAKS 260 ST via H HRDNG EXY|405337|552507|502304|552510|502307|502309|552519|552521|501402|501337|501398|502624|502627|502631|502632|502633|502634|501661|501662|501663|501623|501456|501457|504995|501460|552712|501462|501463|501465|501466|501467|553179|500973|500975|500976|500977|502361|502363|502364|502371
MTABC_QM80125|QM8|GLEN OAKS 260 ST via H HRDNG EXY|403293|401800|405337|405399|450203|405256|450378|405060|401165|402085|552507|502304|552510|502307|502309|552519|552521|501402|501337|502624|502627|502631|502632|502633|502634|501661|501662|501663|501623|501456|501457|504995|501460|552712|501462|501463|501465|501466|501467|553179|500973|500975|500976|500977|502361|502363|502364|502371
MTABC_QM80127|QM8|SUPER EXPRESS DOWNTOWN LOOP via WATER ST via CHURCH ST|502345|502347|502348|552669|500951|500952|552827|500954|501470|501475|552713|552715|552923|501483|501665|501626|501627|502648|502649|502650|502651|502654|502657|501338|501339|403293|401800|405337|405399|450203|405256|450378|405060|401165|402085
MTABC_QM80134|QM8|DOWNTOWN LOOP via WATER ST via CHURCH ST|502345|502347|502348|552669|500951|500952|552827|500954|501470|501475|552713|552715|552923|501483|501665|501626|501627|502648|502649|502650|502651|502654|502657|501401|501336|982214|552520|502406|502408|552511|503037|552508|403293|401800|405337|405399|450203|405256|450378|405060|401165|402085
MTABC_SBS520043|Q52-SBS|+SELECT BUS ARVERNE B. 54 ST via WOODHAVEN BL via CROSS BAY BL|552993|550473|553141|553373|553354|553358|553359|553356|553360|552992|550417|553225|550713|553379|553365|550775|553366|553334|553335|553336
MTABC_SBS520045|Q52-SBS|+SELECT BUS ELMHURST WOODHAVEN BL STA via CROSS BAY BL|550797|553338|553243|550784|553362|550856|553027|553364|553377|982137|553376|553361|550070|553346|553347|553348|550451|553378|553375|553333|982113
MTABC_SBS530046|Q53-SBS|+SELECT BUS ROCKAWAY PK B. 116 ST via WOODHAVEN BL via CROSS BAY BL|553332|553014|552958|553214|503018|552993|550473|553141|553373|553354|553358|553359|553356|553360|552992|550417|553225|550713|553379|550703|553029|550691|551609
MTABC_SBS530049|Q53-SBS|+SELECT BUS WOODSIDE 61 ST STA via CROSS BAY BLVD via WOODHAVEN BLVD|551609|550690|550696|550702|553027|553364|553377|982137|553376|553361|550070|553346|553347|553348|550451|553378|553375|553333|503478|553213|982110|553013|982075
MTABC_SBS700039|Q70-SBS|LAGUARDIA LINK +SELECT BUS TERMINALS D-C-B|553332|551576|904246|503848|904242|505192|982205
